Cancer,Gene,Group,log_OR,log_OR_SE,P,N,N_cases,N_controls,N_carrier_cases,N_carrier_controls,OR,CI_lower,CI_upper
colorectal,OCA2,missense,-0.138728525452252,0.081229171334699,0.0876612422900572,328039,8800,319239,160,6600,0.870464305288837,0.742349757365791,1.02068883200108
colorectal,OCA2,pLoF,0.90228824228835,0.6749008965315,0.181248879534724,328039,8800,319239,2,44,2.46523772322867,0.656722838937704,9.25412772587645
colorectal,IDH2,missense,0.341766590843158,0.885816452877186,0.6996292404967,328039,8800,319239,1,17,1.40743175171431,0.247981345920382,7.98795622461702
NHL,OCA2,missense,-0.0581061702514422,0.142799363616589,0.684075730802278,321794,2555,319239,50,6600,0.943549765202886,0.713204003229905,1.24829102947061
NHL,OCA2,pLoF,1.69235545533313,0.851984418212006,0.0469923637580735,321794,2555,319239,1,44,5.43226109577159,1.02275163887731,28.8530074075721
NHL,IDH2,missense,1.7246989592676,0.885463849856094,0.0514399164098394,321794,2555,319239,1,17,5.61083168654505,0.989279581642824,31.8225836243977
leukemias,OCA2,missense,0.0305444629075549,0.159386389393889,0.848025902160356,321103,1864,319239,40,6600,1.0310157309868,0.754389006761531,1.40907864247054
leukemias,IDH2,missense,4.44339167513031,0.36196044051616,1.22020994906652e-34,321103,1864,319239,16,17,85.0629588894905,41.8445787236306,172.918624006818
oral,OCA2,missense,0.190497529460866,0.193056090676856,0.323766654533701,320349,1110,319239,27,6600,1.20985138464859,0.828709626123456,1.7662886091757
neck,OCA2,missense,0.0138001743569954,0.274266459751709,0.959870041572098,319892,653,319239,13,6600,1.01389583630714,0.592293962583934,1.7355989286068
neck,IDH2,missense,2.86475590981542,0.908456575925218,0.00161362894987586,319892,653,319239,1,17,17.5447701756947,2.95711384259026,104.094389632397
anus,OCA2,missense,0.169952709428122,0.343379485694926,0.620641514616307,319582,343,319239,8,6600,1.18524879890148,0.604678289325095,2.32324318583585
bladder,OCA2,missense,-0.00955441780948271,0.122827468406915,0.937997244588971,322524,3285,319239,69,6600,0.990491080621385,0.77857353708655,1.26008981047792
bladder,OCA2,pLoF,1.52285013134193,0.891520603531778,0.0876086772084991,322524,3285,319239,1,44,4.58527522578982,0.798917060242971,26.3165601819139
bladder,IDH2,missense,1.06857297928687,0.904793980774069,0.237597767257524,322524,3285,319239,1,17,2.91122216005448,0.494212033406829,17.1489439598804
brain,OCA2,missense,0.122851259636538,0.213008782349485,0.564113284579917,320187,948,319239,22,6600,1.13071622529674,0.744800946537201,1.71659177944592
breast,OCA2,missense,0.105433341189922,0.0504938542609916,0.0367939519833018,191078,19950,171128,460,3545,1.11119203131549,1.00648816292511,1.22678812920218
breast,OCA2,pLoF,-0.451681915587356,0.85789878098204,0.598542303432827,191078,19950,171128,1,28,0.636556616263235,0.118465603224217,3.42043863096343
breast,IDH2,missense,0.32400912161228,0.951434368500998,0.733443841866276,191078,19950,171128,1,7,1.38265991914966,0.21421652545312,8.92437428895424
bone,OCA2,missense,0.534035098321331,0.465797947576062,0.251590323496113,319367,128,319239,4,6600,1.70580151717068,0.68460578481614,4.25026910452306
prostate,OCA2,missense,0.0856387088796297,0.0597638374843279,0.151871562709282,162843,14732,148111,341,3055,1.08941266207413,0.968994580324331,1.22479523867946
prostate,OCA2,pLoF,0.873286984792229,0.580417585500021,0.132431074621877,162843,14732,148111,4,16,2.39476950175325,0.767735060405743,7.46992193309059
prostate,IDH2,missense,0.224684313950451,0.656529470010037,0.732177542508342,162843,14732,148111,3,10,1.25192743777605,0.345732542271253,4.53333753068241
cervix,OCA2,missense,-0.110945977642379,0.0940803497873281,0.238291342095333,177390,6262,171128,119,3545,0.894987096936099,0.744278434024785,1.07621270087134
cervix,OCA2,pLoF,1.06395848143546,0.676957804726324,0.116025660594697,177390,6262,171128,2,28,2.89781927921729,0.768853807461498,10.9219158356368
endometrium,OCA2,missense,0.269002387560456,0.130661924606928,0.0395166164282077,173443,2315,171128,61,3545,1.30865826554346,1.01299341138195,1.69061954079136
esophagus,OCA2,missense,0.179448906360124,0.17818391129888,0.313887019763743,320519,1280,319239,32,6600,1.19655776601402,0.843846103860284,1.69669621138113
eye,OCA2,missense,-0.0517213477918841,0.309946240096123,0.867470767976673,319770,531,319239,10,6600,0.949593436287582,0.517262490099957,1.74326905874463
HL,OCA2,missense,0.146948994714084,0.284587646025752,0.6056046714378,319762,523,319239,12,6600,1.15829488236151,0.663097963401481,2.02330139520054
kidney,OCA2,missense,0.146269131125325,0.143158524386494,0.306909462067613,321315,2076,319239,50,6600,1.15750766747563,0.874313369935587,1.53242995742315
liver,OCA2,missense,0.114572385731994,0.248454440741837,0.644697862350263,319955,716,319239,16,6600,1.12139381103802,0.689085880966587,1.82491633360769
lung,OCA2,missense,0.0481710114903131,0.100774685900323,0.632645178981432,324021,4782,319239,103,6600,1.04935009090417,0.861273007073715,1.27849776346972
lung,OCA2,pLoF,1.03871010573494,0.861560099600011,0.227965826705077,324021,4782,319239,1,44,2.8255699762026,0.522089285870187,15.2921078951287
lung,IDH2,missense,0.957296245526923,0.886090555296231,0.27998217550761,324021,4782,319239,1,17,2.60464462493015,0.458676858014804,14.7907475679939
non_melanoma,OCA2,missense,0.336383554930192,0.0347951330564881,4.14189891714105e-22,355230,35991,319239,1052,6600,1.39987585113752,1.30759078332794,1.49867406805246
non_melanoma,OCA2,pLoF,0.923153922988626,0.439528039058895,0.0356998226666914,355230,35991,319239,7,44,2.51721699195778,1.06363766896611,5.95727433267775
non_melanoma,IDH2,missense,0.850853655392835,0.439990745145099,0.053137847922345,355230,35991,319239,8,17,2.34164495680363,0.988553655010974,5.54679159388976
melanoma,OCA2,missense,0.493859661172223,0.067463021892782,2.47141261690223e-13,326171,6932,319239,237,6600,1.63862858144234,1.43567420475517,1.870273644972
melanoma,OCA2,pLoF,1.76018031076889,0.585268406519894,0.00263427480311984,326171,6932,319239,3,44,5.81348553395088,1.84610001274984,18.3070331076564
melanoma,IDH2,missense,1.81500646977921,0.605292446983536,0.00271257636208788,326171,6932,319239,3,17,6.14111590898043,1.87508702856026,20.1128289157276
myeloma,OCA2,missense,0.130887720189588,0.193093966882255,0.497870171904698,320407,1168,319239,27,6600,1.13983979313101,0.780695960141125,1.66420068802467
ovary,OCA2,missense,0.10932316874296,0.161802452467947,0.499257622084957,172834,1706,171128,39,3545,1.11552279419536,0.81236639867034,1.53181016153082
ovary,OCA2,pLoF,2.1242365508708,0.861969040907325,0.0137242833603407,172834,1706,171128,1,28,8.36650764630104,1.54466687915387,45.3162109839225
pancreas,OCA2,missense,-0.159379825524108,0.196229201934872,0.416669664760109,320720,1481,319239,26,6600,0.85267243070203,0.580432366293558,1.25260119231807
pancreas,IDH2,missense,2.14642476537689,0.88367939483293,0.0151420675383772,320720,1481,319239,1,17,8.55422031600155,1.51353046425339,48.3470184069206
stomach,OCA2,missense,0.297559114161873,0.200895627530701,0.138563217703184,320160,921,319239,25,6600,1.34656797423724,0.908292259522268,1.99632363948043
stomach,OCA2,pLoF,2.42032570866406,0.860850619171933,0.00493032223582189,320160,921,319239,1,44,11.2495227852751,2.08150148070713,60.7983054873601
testis,OCA2,missense,-0.236071868665301,0.284449165804506,0.406580404499892,148857,746,148111,12,3055,0.789723915489488,0.452222036271703,1.37910984576908
thyroid,OCA2,missense,0.351217519890391,0.200784439175705,0.0802518251061875,320119,880,319239,25,6600,1.42079634376718,0.958569941369774,2.10591023496685
