Cancer,Gene,Group,log_OR,log_OR_SE,P,N,N_cases,N_controls,N_carrier_cases,N_carrier_controls,OR,CI_lower,CI_upper
colorectal,NF1,pLoF,0.291172794892505,0.553168421058464,0.598629230250239,328039,8800,319239,3,101,1.3379957628102,0.452477433516742,3.95651258756492
colorectal,NF1,missense,-0.0550381810035514,0.076962929728785,0.474531278420364,328039,8800,319239,179,6908,0.946449010890568,0.813928502652387,1.10054596601134
colorectal,BRCA1,missense,0.248291431644708,0.113039718412479,0.0280563711442286,328039,8800,319239,83,2604,1.28183344459371,1.02709831303491,1.5997465469726
colorectal,BRCA1,pLoF,0.834165958749016,0.203951381104225,4.31329327841748e-05,328039,8800,319239,26,482,2.30289253971499,1.54408051488239,3.43460978774083
colorectal,HOXB13,missense,-0.12999102278346,0.156636381035976,0.406600775230221,328039,8800,319239,42,1805,0.878103313808771,0.645976154588405,1.19364379667117
colorectal,PPM1D,missense,-0.184737157998255,0.206003800572971,0.369843913907953,328039,8800,319239,24,1073,0.831322761677069,0.555160960813384,1.24485974854903
colorectal,PPM1D,pLoF,0.874728781225557,0.508970772411725,0.0856830747457472,328039,8800,319239,4,47,2.39822476217203,0.884409045790186,6.5031922019255
colorectal,TP53,missense,0.126283520790536,0.260828171586393,0.628269728763122,328039,8800,319239,15,496,1.13460380645347,0.680498064128868,1.89174057279157
colorectal,SRSF2,missense,0.627523965153623,0.199490819181958,0.00165730489662644,328039,8800,319239,27,473,1.87296730087394,1.26684447639101,2.76909010973203
colorectal,SRSF2,pLoF,-0.125464726939279,0.841609470112038,0.881492769440066,328039,8800,319239,1,64,0.8820868777823,0.169485317656899,4.59082397645112
NHL,NF1,missense,-0.135202772963696,0.145487853984366,0.352730393712096,321794,2555,319239,48,6908,0.873538763684213,0.656814445741109,1.16177403923865
NHL,BRCA1,missense,-0.328353714569282,0.273279242040898,0.229544957465378,321794,2555,319239,13,2604,0.720108261868495,0.421484958976965,1.23030703176197
NHL,BRCA1,pLoF,0.801422160041563,0.370142414271704,0.030374480880691,321794,2555,319239,7,482,2.22870825556099,1.07891548809091,4.60382721652728
NHL,HOXB13,missense,0.0369453935895688,0.264569462866264,0.888941705732872,321794,2555,319239,14,1805,1.03763635769426,0.617793373179278,1.74279825189475
NHL,PPM1D,missense,-0.125221693378103,0.367087474719217,0.733011576158016,321794,2555,319239,7,1073,0.882301280549952,0.429686277834544,1.81168352311181
NHL,PPM1D,pLoF,2.18422276679835,0.507771007335414,1.69576750617533e-05,321794,2555,319239,4,47,8.88374113081826,3.28382821332079,24.0331866810971
NHL,TP53,missense,1.23193445031312,0.278114928165964,9.44134368518596e-06,321794,2555,319239,13,496,3.42785414025519,1.98742376095937,5.9122690579047
NHL,SRSF2,missense,0.295861437763675,0.430497223316803,0.491921950459442,321794,2555,319239,5,473,1.34428387694643,0.578164056746522,3.12558195330773
leukemias,NF1,missense,0.117862079442261,0.150513330638309,0.433587545560273,321103,1864,319239,45,6908,1.12508892777366,0.837663653002625,1.51113766350194
leukemias,BRCA1,missense,0.228859404364133,0.247690351791902,0.355499938475652,321103,1864,319239,16,2604,1.2571652746328,0.773673936776675,2.04280440714753
leukemias,BRCA1,pLoF,0.98763190637712,0.396745718840178,0.0127983305371639,321103,1864,319239,6,482,2.68486891724761,1.23370839206878,5.84296998313717
leukemias,HOXB13,missense,0.212033193295005,0.284773226304195,0.456532575456568,321103,1864,319239,12,1805,1.23618891758092,0.707433197779328,2.16015172138779
leukemias,PPM1D,missense,-0.313585096267382,0.472589288410608,0.506980435230803,321103,1864,319239,4,1073,0.730822186117292,0.289429631375027,1.84535724688534
leukemias,TP53,missense,1.64584513307066,0.269234871235448,9.77472245623683e-10,321103,1864,319239,14,496,5.18539040054958,3.0592031760385,8.78930625357501
leukemias,TP53,pLoF,2.91736422818751,0.932637696640059,0.00175952987355824,321103,1864,319239,1,11,18.4924812062228,2.97257307257499,115.042373328864
leukemias,SRSF2,missense,2.76338663807938,0.156016581941514,3.38009409532844e-70,321103,1864,319239,48,473,15.8534420071154,11.6767508317024,21.5241060715798
leukemias,SRSF2,pLoF,2.79194335194369,0.427777180760685,6.72659670066995e-11,321103,1864,319239,6,64,16.3126903167766,7.05344030445244,37.7268189543026
oral,NF1,pLoF,1.48051749113992,0.826198673704001,0.0731388858514077,320349,1110,319239,1,101,4.39521957969726,0.870400217152445,22.1943363214611
oral,NF1,missense,-0.0625770922690704,0.212528514870741,0.768420999362895,320349,1110,319239,22,6908,0.939340644120366,0.619324861637725,1.42471407229345
oral,BRCA1,missense,0.340523600720993,0.295337548115441,0.248911207604512,320349,1110,319239,11,2604,1.4056834147572,0.787944709758037,2.50772146579959
oral,BRCA1,pLoF,1.04367088754313,0.473275313734606,0.0274394458321201,320349,1110,319239,4,482,2.83962183763034,1.12307259541914,7.1798138549875
oral,HOXB13,missense,-0.0893433382130552,0.426617432509273,0.834118340141275,320349,1110,319239,5,1805,0.914531526045343,0.396333939664858,2.1102606373758
oral,PPM1D,missense,-0.0472396591534894,0.53443975398727,0.929565921903518,320349,1110,319239,3,1073,0.953858769209846,0.334632511835536,2.71894247993958
oral,PPM1D,pLoF,1.98165376007774,0.843605888216657,0.0188224968460918,320349,1110,319239,1,47,7.25473065399518,1.3884896894017,37.9052990193223
oral,SRSF2,missense,-0.141448163206727,0.817085637561959,0.862562590127932,320349,1110,319239,1,473,0.868100173947853,0.175010976334678,4.30600370211734
neck,NF1,pLoF,2.0503921735083,0.832053986040551,0.0137298863004309,319892,653,319239,1,101,7.77094806876567,1.52134730584633,39.6935227448666
neck,NF1,missense,0.0555502235066264,0.264447830838443,0.833619923014421,319892,653,319239,14,6908,1.0571221081184,0.629544963499251,1.77510299703006
neck,BRCA1,missense,0.434524040818547,0.364580138378667,0.233320923855278,319892,653,319239,7,2604,1.54422789456642,0.755753586375016,3.15531389244874
neck,BRCA1,pLoF,1.07283923936194,0.631793784273557,0.0894918124657388,319892,653,319239,2,482,2.92366872218283,0.847508997325594,10.0858384088474
neck,HOXB13,missense,0.532221824483874,0.427362807863673,0.212998350895304,319892,653,319239,5,1805,1.70271123451877,0.736833088058588,3.93471139548759
neck,PPM1D,missense,0.500509003762921,0.535021024150535,0.349533729920591,319892,653,319239,3,1073,1.6495606896465,0.578039580347821,4.70737742074637
neck,TP53,missense,0.3581127643033,0.814981750501034,0.660363030033937,319892,653,319239,1,496,1.43062693503408,0.289609413234476,7.06708184788156
neck,SRSF2,missense,0.853906860240537,0.636100883236464,0.179463769847599,319892,653,319239,2,473,2.34880540413108,0.675144888551893,8.17141167773397
anus,NF1,missense,0.15954416493598,0.342639396540183,0.64147831213273,319582,343,319239,8,6908,1.17297606548961,0.599285772517608,2.29585435414466
anus,BRCA1,missense,0.595139080218676,0.46285483583875,0.198512619616846,319582,343,319239,4,2604,1.81328311923627,0.731952448573919,4.4920891745267
anus,HOXB13,missense,-0.256131637381603,0.807773876523439,0.751180367156084,319582,343,319239,1,1805,0.774040069477514,0.158922384615016,3.77000402182579
anus,HOXB13,pLoF,3.1182428586056,0.830696259978401,0.000174194576812766,319582,343,319239,1,61,22.606621692471,4.43757522582221,115.166350617033
anus,PPM1D,missense,0.254937523557337,0.806426324589441,0.751901983070652,319582,343,319239,1,1073,1.29038099993991,0.265635813941497,6.26829304490028
anus,SRSF2,missense,1.51440000699905,0.63104863079577,0.01640335703175,319582,343,319239,2,473,4.54669232472412,1.3199151023733,15.6619248151148
bladder,NF1,pLoF,0.439321163438362,0.838470227224601,0.600309428071891,322524,3285,319239,1,101,1.55165354175951,0.299976756988932,8.02605087748066
bladder,NF1,missense,-0.0109882988881371,0.121824516805799,0.928130061991382,322524,3285,319239,70,6908,0.989071851948039,0.778987745530454,1.2558132447254
bladder,BRCA1,missense,0.270559365392245,0.187614908712624,0.149274307089924,322524,3285,319239,29,2604,1.31069740448743,0.907411626685969,1.89321762649688
bladder,BRCA1,pLoF,0.692805464522262,0.352210624914785,0.0491808654560944,322524,3285,319239,8,482,1.99931668468118,1.00248841569658,3.98734503367509
bladder,HOXB13,missense,0.394384136990137,0.202197620925713,0.051117921181392,322524,3285,319239,25,1805,1.48347029505152,0.998085916414956,2.2049044877869
bladder,HOXB13,pLoF,0.866129941079332,0.857310791474997,0.31235781127693,322524,3285,319239,1,61,2.37769121965305,0.44300760866468,12.761441170403
bladder,PPM1D,missense,0.718429520751816,0.221599127944143,0.00118684347426546,322524,3285,319239,21,1073,2.05120929812627,1.32857004668769,3.16690835775609
bladder,TP53,missense,0.521857427489021,0.350989309878024,0.137062732768852,322524,3285,319239,8,496,1.68515479741873,0.846987807945917,3.35275982088836
bladder,TP53,pLoF,2.73198221620591,0.806932603627863,0.000710128237778858,322524,3285,319239,2,11,15.3633102597995,3.15953029315569,74.7045542339509
bladder,SRSF2,missense,0.529294300434711,0.333184049330317,0.112152003142831,322524,3285,319239,9,473,1.69773379577164,0.883614465498883,3.26194302362157
brain,NF1,pLoF,2.1535991948564,0.642873512657858,0.000808238471893719,320187,948,319239,2,101,8.61581264713694,2.44388812142916,30.3746423249337
brain,NF1,missense,0.0886287261706031,0.212701853662217,0.676912080017858,320187,948,319239,22,6908,1.09267489941334,0.720176292353358,1.65784190410719
brain,BRCA1,missense,0.210453328678922,0.342097371226117,0.538432248934053,320187,948,319239,8,2604,1.23423744838571,0.631255113311394,2.41319562705262
brain,BRCA1,pLoF,0.665691915908116,0.630425779190183,0.290995541873395,320187,948,319239,2,482,1.94583641082921,0.565570735577791,6.69461678182588
brain,HOXB13,missense,0.356540592370561,0.365874228258956,0.329813551981484,320187,948,319239,7,1805,1.42837951065228,0.697285933416099,2.92601345972333
brain,PPM1D,missense,0.548715789343157,0.426779358488741,0.198543226200453,320187,948,319239,5,1073,1.73102858449707,0.749944269429623,3.99557684816357
brain,TP53,missense,1.12892816063381,0.47259449760666,0.0169040442015038,320187,948,319239,4,496,3.09234023119496,1.22465597281151,7.80837093662602
brain,SRSF2,missense,0.846778036260194,0.536442305553762,0.114449137691527,320187,948,319239,3,473,2.332120725569,0.814949148302462,6.67377478700048
breast,NF1,pLoF,0.858271002250867,0.313888627753414,0.00625098369411989,191078,19950,171128,13,50,2.3590783244062,1.27514589140718,4.36440298963882
breast,NF1,missense,0.0538234641451296,0.0510393708056478,0.291632116998636,191078,19950,171128,447,3623,1.05529828772461,0.954839644204881,1.16632618139966
breast,BRCA1,missense,0.0576943697783094,0.084209694997005,0.493263528493919,191078,19950,171128,161,1413,1.05939116427008,0.898208010869168,1.24949858535273
breast,BRCA1,pLoF,1.30208131599326,0.135136140877703,5.67094756258743e-22,191078,19950,171128,78,215,3.67694158644375,2.82136087085303,4.79197807334437
breast,HOXB13,missense,-0.0416122705175811,0.0995519802089421,0.675950475105939,191078,19950,171128,114,1013,0.959241634740967,0.789203897487181,1.165914812066
breast,HOXB13,pLoF,-0.152216231564297,0.570060567156323,0.789455573527227,191078,19950,171128,3,36,0.858802560441485,0.280968023303343,2.62500276419204
breast,PPM1D,missense,0.122220962206354,0.123797512887718,0.323512701875836,191078,19950,171128,75,563,1.13000376232104,0.886550043485219,1.44031181572098
breast,PPM1D,pLoF,0.356605579244827,0.529559692508645,0.500692749770485,191078,19950,171128,4,23,1.42847233958824,0.505952571785877,4.0330523822938
breast,TP53,missense,0.106120403063866,0.18541771172556,0.567097391283547,191078,19950,171128,33,259,1.11195575132624,0.773142706173362,1.59924627502114
breast,TP53,pLoF,1.58526773038447,0.864445211429922,0.0666754252196056,191078,19950,171128,2,4,4.88059788795776,0.896718086978155,26.5637953442083
breast,SRSF2,missense,-0.0453348488190861,0.19635397284252,0.817405482328095,191078,19950,171128,29,251,0.95567742079428,0.650390996533984,1.40426195547479
breast,SRSF2,pLoF,-0.132017164705621,0.572859981629861,0.81773996649445,191078,19950,171128,3,34,0.876325953073265,0.28513227120595,2.69330150803969
bone,NF1,missense,0.474246702985768,0.463326507736711,0.306038839823462,319367,128,319239,4,6908,1.6068033413164,0.648005195275912,3.98425351600191
bone,HOXB13,missense,0.77197340520613,0.792242295922025,0.329850130930976,319367,128,319239,1,1805,2.16403255594107,0.458042656917569,10.2240191660045
prostate,NF1,pLoF,0.427534514227356,0.43817621491517,0.329206385734217,162843,14732,148111,6,51,1.53347210535994,0.649680168344793,3.61952975093592
prostate,NF1,missense,0.010101053473121,0.0604941372539911,0.867389135782767,162843,14732,148111,328,3285,1.01015224131897,0.897210048261628,1.13731177288842
prostate,BRCA1,missense,-0.0266739687959055,0.104474705041322,0.798479745379395,162843,14732,148111,108,1191,0.973678639399924,0.793389799265893,1.19493607518133
prostate,BRCA1,pLoF,0.152260004882368,0.209677839789087,0.467739682462137,162843,14732,148111,27,267,1.16446296313095,0.772053825327968,1.75632054141781
prostate,HOXB13,missense,0.961879287530477,0.0861788117319022,6.29662264996163e-29,162843,14732,148111,190,792,2.61660921682185,2.20995448502328,3.09809267111893
prostate,HOXB13,pLoF,0.611872726719399,0.55263113422791,0.268207831347735,162843,14732,148111,4,25,1.84388125314633,0.624212519107353,5.44669959610304
prostate,PPM1D,missense,0.0188756068297461,0.158603169004026,0.905266215973235,162843,14732,148111,46,510,1.01905487726598,0.746782805174634,1.39059554623347
prostate,PPM1D,pLoF,-0.0240102760570028,0.601820028528108,0.968175955057305,162843,14732,148111,3,24,0.976275677441851,0.300125110234059,3.17572294307943
prostate,TP53,missense,0.348815524717997,0.197980973209013,0.0780922993863519,162843,14732,148111,31,237,1.41738769322843,0.961539096882347,2.0893460072807
prostate,TP53,pLoF,1.43584740319104,0.754642404409687,0.0570815531155627,162843,14732,148111,3,7,4.20320530966173,0.957696333735961,18.4473243269608
prostate,SRSF2,missense,-0.11465212524099,0.228505192104774,0.61584448102625,162843,14732,148111,22,222,0.891676281630748,0.569774806776789,1.39544006117195
prostate,SRSF2,pLoF,0.547042116826087,0.541335667143432,0.312235962753051,162843,14732,148111,4,30,1.72813383263798,0.598124534929831,4.99301795713562
cervix,NF1,pLoF,-0.224116306751451,0.838661916050024,0.789291452187991,177390,6262,171128,1,50,0.799222174028763,0.154453305605579,4.13559347891476
cervix,NF1,missense,0.145935850355534,0.0841062320906425,0.0827165102288142,177390,6262,171128,151,3623,1.15712195670774,0.981268324492851,1.36449041436973
cervix,BRCA1,missense,0.0734087697883119,0.142900069732858,0.607456839226903,177390,6262,171128,51,1413,1.07617035294419,0.813287811597765,1.42402555656251
cervix,BRCA1,pLoF,0.265104704888754,0.333576644847636,0.426768243863412,177390,6262,171128,9,215,1.30356745851877,0.677942023949913,2.50653899430583
cervix,HOXB13,missense,0.0554451422453221,0.163042061667417,0.733806453756767,177390,6262,171128,39,1013,1.05701103023014,0.767887971752886,1.45499390422503
cervix,HOXB13,pLoF,1.07328821777922,0.570920843937315,0.0601183359328156,177390,6262,171128,3,36,2.92498168106142,0.955332268042686,8.95554156468901
cervix,PPM1D,missense,0.19236017775728,0.207330794210474,0.353514660003757,177390,6262,171128,24,563,1.21210701233751,0.807347810367375,1.81978992262233
cervix,PPM1D,pLoF,0.669938912894119,0.863552462061403,0.437870562810424,177390,6262,171128,1,23,1.95411794557999,0.359661196496566,10.6171502025636
cervix,TP53,missense,0.285724736407286,0.291162167661857,0.326432460519072,177390,6262,171128,12,259,1.33072610438467,0.752057401720307,2.35465000522576
cervix,SRSF2,missense,0.00935467358101158,0.331917050461339,0.977515582295206,177390,6262,171128,9,251,1.00939856529738,0.52666490257395,1.93459913247466
endometrium,NF1,missense,-0.127437217156097,0.154052313827931,0.408104792120403,173443,2315,171128,43,3623,0.880348684893293,0.650916308119694,1.1906504681564
endometrium,BRCA1,missense,-0.0101468773344795,0.241490144466311,0.96648453225778,173443,2315,171128,17,1413,0.989904428547211,0.616646801975257,1.58909569386966
endometrium,BRCA1,pLoF,0.929565766534305,0.401544381856496,0.0206142237929781,173443,2315,171128,6,215,2.53340884783112,1.15321447634777,5.56545249986398
endometrium,HOXB13,missense,-0.619463697831105,0.367047951343615,0.0914704694115228,173443,2315,171128,7,1013,0.538233015738927,0.262143172890181,1.10510136898656
endometrium,HOXB13,pLoF,1.10648517974275,0.849559902894196,0.192772297942277,173443,2315,171128,1,36,3.0237118913161,0.571996942647074,15.9840602632864
endometrium,PPM1D,missense,0.278049008371733,0.312838442959647,0.374113668245223,173443,2315,171128,10,563,1.32055091367333,0.715264358246531,2.43805621725444
endometrium,PPM1D,pLoF,1.30856631213354,0.8706638979015,0.132851343619952,173443,2315,171128,1,23,3.70086402305596,0.671726798890487,20.3898289301138
endometrium,TP53,missense,0.759502517196204,0.372916781661721,0.0416847105687665,173443,2315,171128,7,259,2.13721272940355,1.0290119354986,4.43889725002205
endometrium,SRSF2,missense,0.728123888612389,0.373417738300009,0.0511891116035797,173443,2315,171128,7,251,2.07119117496119,0.996245635671115,4.30599917293218
esophagus,NF1,pLoF,2.27556418891192,0.557204576561925,4.42873203143638e-05,320519,1280,319239,3,101,9.73340894513676,3.26566457381673,29.0107105465955
esophagus,NF1,missense,-0.117697438735246,0.204044724843163,0.56405986366114,320519,1280,319239,24,6908,0.888964978297474,0.595938532477016,1.32607423345277
esophagus,BRCA1,missense,-0.0228129704952184,0.343202852221483,0.947002999063128,320519,1280,319239,8,2604,0.977445277785063,0.498835847517905,1.9152578464803
esophagus,HOXB13,missense,0.343091757501368,0.326554089393865,0.293422599086125,320519,1280,319239,9,1805,1.40929806966344,0.743086741062148,2.67279839540426
esophagus,PPM1D,missense,-0.187441659259348,0.535569286088287,0.726349334585621,320519,1280,319239,3,1073,0.829077485764064,0.290213572191839,2.36849528507403
esophagus,PPM1D,pLoF,1.64700376907906,0.853498644803836,0.0536429401112813,320519,1280,319239,1,47,5.19140186246084,0.974507722401583,27.6556590348453
esophagus,TP53,missense,1.05269627757702,0.431158506997743,0.0146242479905038,320519,1280,319239,5,496,2.86536653547503,1.23077140610056,6.67087758289159
esophagus,SRSF2,missense,-0.386945824671811,0.81894794642351,0.636576111084073,320519,1280,319239,1,473,0.679127885906147,0.136414899608104,3.38097001676753
eye,NF1,missense,-0.0791938036743691,0.309375313748509,0.797966503099596,319770,531,319239,10,6908,0.923860859464752,0.503808886473772,1.69413226039907
eye,BRCA1,missense,-0.448225489989034,0.622780889171513,0.471699754727592,319770,531,319239,2,2604,0.638760633663288,0.188462995252221,2.16496159668839
eye,HOXB13,missense,-0.209820428275379,0.629251604896318,0.738798847205677,319770,531,319239,2,1805,0.810729817051021,0.236187118979382,2.782890274016
eye,PPM1D,missense,0.92338043918666,0.471333818572079,0.0501034728100557,319770,531,319239,4,1073,2.51778724696399,0.999583216967838,6.34189581554215
HL,NF1,missense,-0.732266811011728,0.424818308023431,0.0847588290864339,319762,523,319239,5,6908,0.480817830678138,0.209109886029338,1.10557081105958
HL,BRCA1,missense,0.313453278763269,0.421680160960429,0.457273638269912,319762,523,319239,5,2604,1.36814154000377,0.598682034082794,3.12655327356128
HL,BRCA1,pLoF,1.1905210695983,0.625497708267977,0.0569990588192516,319762,523,319239,2,482,3.28879445178846,0.965188450690508,11.2062768036403
HL,HOXB13,missense,0.170342987453601,0.532232368372868,0.748927553667738,319762,523,319239,3,1805,1.1857114657409,0.417774575093385,3.36523992556312
HL,HOXB13,pLoF,2.70396193308037,0.827191839496388,0.0010798742841558,319762,523,319239,1,61,14.9388011635348,2.95262828971703,75.5827548563577
HL,PPM1D,missense,0.934904136712998,0.469771758816903,0.0465772576981399,319762,523,319239,4,1073,2.54696928518803,1.01426925609777,6.39578938303724
HL,TP53,missense,0.634600309574377,0.810352724513698,0.433558905428024,319762,523,319239,1,496,1.88626806748397,0.385327427440695,9.23372427974213
HL,SRSF2,missense,0.640051322186282,0.813994075899043,0.431686154150222,319762,523,319239,1,473,1.8965782133476,0.384678349315908,9.35069240507425
kidney,NF1,missense,0.032080250813419,0.148802691789053,0.829307987920962,321315,2076,319239,46,6908,1.03260036899968,0.771385009770337,1.38227150975586
kidney,BRCA1,missense,-0.0983414357799965,0.273288761967664,0.718963483564871,321315,2076,319239,13,2604,0.906339394220106,0.53047758913587,1.54851234875612
kidney,BRCA1,pLoF,-0.106839054549038,0.634197100913313,0.8662186669017,321315,2076,319239,2,482,0.898670298248023,0.259281086051004,3.11479837289144
kidney,HOXB13,missense,0.32401895228305,0.256241795354353,0.206048938023063,321315,2076,319239,15,1805,1.38267351169092,0.836770250386048,2.28472037461859
kidney,PPM1D,missense,0.424179933882725,0.311231505646632,0.172911481816833,321315,2076,319239,10,1073,1.52833656857757,0.830420891907497,2.8128057586389
kidney,TP53,missense,0.851522300957411,0.369650087815072,0.0212456613425002,321315,2076,319239,7,496,2.34321121089388,1.13544136360628,4.83568676890538
kidney,SRSF2,missense,0.0391246927448453,0.537938923253171,0.942020391097951,321315,2076,319239,3,473,1.03990014356943,0.362324078666644,2.98459962300948
kidney,SRSF2,pLoF,1.31452472160989,0.84062031023726,0.117874973826759,321315,2076,319239,1,64,3.72298111222389,0.716726607876932,19.3387383831518
liver,NF1,missense,0.144135056259797,0.241073669819534,0.549914661948206,319955,716,319239,17,6908,1.15504009338624,0.720103264595099,1.85267541882322
liver,BRCA1,missense,-0.459894603049406,0.529774626494446,0.385342432744479,319955,716,319239,3,2604,0.631350184384558,0.223524602899043,1.78326255880857
liver,HOXB13,missense,0.684907555271114,0.366259991736091,0.061483298153701,319955,716,319239,7,1805,1.98358845476407,0.967588062537671,4.06642383283862
liver,PPM1D,missense,0.400943957700187,0.534300687353213,0.453008509926246,319955,716,319239,3,1073,1.4932335819109,0.523998662876316,4.25525232813955
liver,TP53,missense,0.251898695534887,0.81293017805446,0.756663539250164,319955,716,319239,1,496,1.28646570596315,0.261475373110506,6.32944507519577
liver,SRSF2,missense,0.747743646682281,0.634872515826627,0.238882128709852,319955,716,319239,2,473,2.11222870151219,0.608606343109969,7.33069929027295
lung,NF1,missense,0.0771865479634307,0.0980144756281853,0.430988342414421,324021,4782,319239,109,6908,1.08024357483635,0.891438976638118,1.3090365258383
lung,BRCA1,missense,0.0983330351544372,0.164146830418669,0.549135982382448,324021,4782,319239,38,2604,1.10333017166291,0.799803792602096,1.52204513027026
lung,BRCA1,pLoF,0.489430260125007,0.331484427709186,0.139814973354385,324021,4782,319239,9,482,1.63138648919377,0.851916058732552,3.12404238638666
lung,HOXB13,missense,0.167766262519329,0.184372380322671,0.362858561986149,324021,4782,319239,30,1805,1.18266014633594,0.823989936067944,1.69745401067133
lung,PPM1D,missense,-0.0290627760849413,0.257761978545827,0.910228412106012,324021,4782,319239,15,1073,0.971355484658175,0.586098760330186,1.60985066244462
lung,PPM1D,pLoF,0.881471785149382,0.667831688451077,0.186868037815209,324021,4782,319239,2,47,2.41445064527031,0.652167223650158,8.93876862719089
lung,TP53,missense,0.221699162278841,0.330846578472296,0.502796221950177,324021,4782,319239,9,496,1.24819581699053,0.652627852836508,2.38726065824678
lung,SRSF2,missense,0.451051643555629,0.289813593529379,0.119624676890823,324021,4782,319239,12,473,1.56996235843804,0.889609601943846,2.77063309740211
lung,SRSF2,pLoF,0.520369524172072,0.843874085126054,0.537469852837567,324021,4782,319239,1,64,1.68264931442654,0.32187458716418,8.79631020356363
non_melanoma,NF1,pLoF,0.365715080024365,0.284808768133554,0.199116622180198,355230,35991,319239,15,101,1.44154445932488,0.824894443588688,2.51917132472094
non_melanoma,NF1,missense,-0.0375925100581863,0.0400425420050393,0.347826108248433,355230,35991,319239,743,6908,0.963105316670629,0.890408929673433,1.04173691445281
non_melanoma,BRCA1,missense,0.0402313781437986,0.0686290111081316,0.557730823567794,355230,35991,319239,251,2604,1.04105162291986,0.910028817925432,1.19093863868482
non_melanoma,BRCA1,pLoF,0.600367823260212,0.130937659073022,4.53676948089796e-06,355230,35991,319239,76,482,1.8227891413441,1.41020449707053,2.35608400108215
non_melanoma,HOXB13,missense,0.134561902343758,0.0723353085861325,0.0628498814007814,355230,35991,319239,229,1805,1.14403547528779,0.992813251780396,1.31829139706775
non_melanoma,HOXB13,pLoF,0.169135983052566,0.403435210778899,0.675041094218646,355230,35991,319239,7,61,1.18428117014357,0.537093813664828,2.61131641116216
non_melanoma,PPM1D,missense,0.088035948510943,0.094624062681852,0.352176486472506,355230,35991,319239,133,1073,1.09202737808075,0.907171459567085,1.3145517111473
non_melanoma,PPM1D,pLoF,0.786225193485664,0.300973563670613,0.00899423306763863,355230,35991,319239,16,47,2.19509470961717,1.21692580711085,3.95951894193857
non_melanoma,TP53,missense,0.209549655435737,0.13609189329165,0.123617428782078,355230,35991,319239,65,496,1.23312260483088,0.944418812415337,1.6100816063331
non_melanoma,TP53,pLoF,0.723446382738963,0.6540091808154,0.268652252211536,355230,35991,319239,3,11,2.0615257886484,0.572130562678595,7.4281796053078
non_melanoma,SRSF2,missense,-0.0295937393612604,0.141231345878238,0.834026032286821,355230,35991,319239,59,473,0.97083986746658,0.736090584713138,1.2804538841233
non_melanoma,SRSF2,pLoF,0.0040119813378723,0.401390673693177,0.99202511448858,355230,35991,319239,7,64,1.00402004010861,0.457170312330072,2.20499059924059
melanoma,NF1,pLoF,0.194164047791486,0.646419922812375,0.763896247383842,326171,6932,319239,2,101,1.21429546910768,0.342050900948983,4.31080135209282
melanoma,NF1,missense,0.0545728554479746,0.0817149776711529,0.504233193219039,326171,6932,319239,157,6908,1.05608941547844,0.899797484873634,1.23952875200827
melanoma,BRCA1,missense,-0.506514807010853,0.189075165241936,0.00738628783947921,326171,6932,319239,28,2604,0.602592073014904,0.415989474278549,0.872899986448344
melanoma,BRCA1,pLoF,0.35865338481832,0.300922078171451,0.233320840606871,326171,6932,319239,11,482,1.43140057040723,0.793625929288479,2.58170444960018
melanoma,HOXB13,missense,-0.164325970975403,0.175136943629963,0.348104995551543,326171,6932,319239,33,1805,0.848465401702993,0.601945678465102,1.19594435784085
melanoma,PPM1D,missense,-0.176025406191633,0.229321649222115,0.442729764880611,326171,6932,319239,19,1073,0.838596677518533,0.535000509611188,1.31447423864363
melanoma,PPM1D,pLoF,0.99777347358709,0.563743527730745,0.0767426766043915,326171,6932,319239,3,47,2.71223623500455,0.898396710312441,8.18817044856866
melanoma,TP53,missense,-0.466536097246666,0.395953486368001,0.238693027132648,326171,6932,319239,6,496,0.627170969276866,0.28863548917708,1.3627687496958
melanoma,SRSF2,missense,-0.177750794231917,0.328753262828186,0.588727159353709,326171,6932,319239,9,473,0.837151020358947,0.43950976258204,1.59455350154414
melanoma,SRSF2,pLoF,0.0849675261434834,0.8355350022186,0.919000866634777,326171,6932,319239,1,64,1.08868171243064,0.211686052565541,5.59898895849049
myeloma,NF1,missense,0.141823105373629,0.186419612855994,0.446792352260612,320407,1168,319239,29,6908,1.15237278195338,0.799672810508904,1.66063296280121
myeloma,BRCA1,missense,0.0984845229603293,0.309747425445045,0.750522058649742,320407,1168,319239,10,2604,1.10349732539034,0.601331283879603,2.02501745674594
myeloma,BRCA1,pLoF,0.322841496226664,0.633044867307354,0.61006406272394,320407,1168,319239,2,482,1.38104643248569,0.399355355049863,4.77592005356559
myeloma,HOXB13,missense,0.611922888215514,0.296885476018614,0.0392895706154622,320407,1168,319239,11,1805,1.84397374730845,1.03049374110993,3.29962138062131
myeloma,PPM1D,missense,0.155579223571942,0.472291858993269,0.741843310343668,320407,1168,319239,4,1073,1.16833449203258,0.462968709040168,2.94837525435136
myeloma,TP53,missense,0.679162861700801,0.535852205546106,0.204996442679164,320407,1168,319239,3,496,1.97222601503718,0.689983108444348,5.6373488086675
myeloma,SRSF2,missense,0.889099909592671,0.475179734950238,0.0613338150451556,320407,1168,319239,4,473,2.43293880057991,0.958644226187935,6.1745442633134
myeloma,SRSF2,pLoF,1.83620202804486,0.841217768105108,0.0290512525150871,320407,1168,319239,1,64,6.27266954035407,1.2061645109445,32.6210751563856
ovary,NF1,pLoF,1.66568848235279,0.658087017687601,0.0113703242751069,172834,1706,171128,2,50,5.28931359552895,1.45624561765499,19.2116206034657
ovary,NF1,missense,-0.171601752646443,0.183173514596881,0.34884795185773,172834,1706,171128,30,3623,0.842314555924179,0.58824294527577,1.20612379089244
ovary,BRCA1,missense,0.298638925705288,0.241274652270798,0.21580689029004,172834,1706,171128,17,1413,1.34802279920686,0.840086259002812,2.16307009870448
ovary,BRCA1,pLoF,2.41148004334121,0.235821122219324,1.51832231585436e-24,172834,1706,171128,20,215,11.1504520907662,7.02362268552348,17.7020588085884
ovary,HOXB13,missense,0.118925704727892,0.297266254637522,0.689108938198126,172834,1706,171128,11,1013,1.12628623743736,0.62894878519462,2.01689027549085
ovary,PPM1D,missense,0.255311654757907,0.368026863875214,0.487850903479737,172834,1706,171128,7,563,1.29086386205386,0.627502424787337,2.65549493441614
ovary,TP53,missense,0.553302680960391,0.47658785063534,0.24565539341203,172834,1706,171128,4,259,1.73898686292758,0.683319771873008,4.4255638925032
ovary,SRSF2,missense,-0.599717439297662,0.820074940308832,0.464598435932085,172834,1706,171128,1,251,0.548966730606148,0.110026417060509,2.73901922250789
ovary,SRSF2,pLoF,1.48339056999577,0.849117543489551,0.0806409700568941,172834,1706,171128,1,34,4.40786554987436,0.834561172757157,23.2808322984645
pancreas,NF1,pLoF,1.23195311340979,0.83058476362764,0.138011754450892,320720,1481,319239,1,101,3.42791811522537,0.673031524010715,17.459245496654
pancreas,NF1,missense,-0.269637526470413,0.20370190193469,0.185607071509405,320720,1481,319239,24,6908,0.763656249351733,0.512278980860707,1.13838531144522
pancreas,BRCA1,missense,0.465371723036771,0.240959391435316,0.0534424497688196,320720,1481,319239,17,2604,1.59260608724029,0.993123744470339,2.55395580181959
pancreas,BRCA1,pLoF,1.04418729510014,0.430262887460551,0.0152301801258948,320720,1481,319239,5,482,2.84108861850209,1.22248727313997,6.6027554769136
pancreas,HOXB13,missense,-0.389552325645741,0.427046711005587,0.361663054651616,320720,1481,319239,5,1805,0.67736004335265,0.293303168849604,1.56430845984473
pancreas,PPM1D,missense,-0.0960743298050987,0.47250802169215,0.838878309904573,320720,1481,319239,4,1073,0.908396492624986,0.359812205608055,2.29337464085989
pancreas,PPM1D,pLoF,1.54142483555119,0.847007050973332,0.0687820211528695,320720,1481,319239,1,47,4.67124128221138,0.888093295500555,24.570048245142
pancreas,TP53,missense,0.101199034690922,0.633405194823794,0.873062397889433,320720,1481,319239,2,496,1.10649685110681,0.319738330533458,3.82917893974922
pancreas,SRSF2,missense,0.813249387157345,0.430797331912721,0.0590558653681008,320720,1481,319239,5,473,2.25522419017075,0.969380697056685,5.2466860165196
pancreas,SRSF2,pLoF,1.61537740959827,0.841271599245694,0.0548374919410637,320720,1481,319239,1,64,5.02978585475632,0.967069778712795,26.1602071552482
stomach,NF1,missense,0.219424510955003,0.204493962045611,0.283265653619371,320160,921,319239,24,6908,1.24535983338273,0.834121428324494,1.85934692712356
stomach,BRCA1,missense,-0.276684038811114,0.425046168724297,0.515078406310033,320160,921,319239,5,2604,0.75829405075349,0.329638321414592,1.74436596127711
stomach,BRCA1,pLoF,0.963113263005302,0.536362764594253,0.0725521375791896,320160,921,319239,3,482,2.61984004139179,0.915634109167119,7.49596566331824
stomach,HOXB13,missense,0.447990826002329,0.366450175247596,0.22151294528352,320160,921,319239,7,1805,1.56516433677368,0.76319758770927,3.2098364048307
stomach,HOXB13,pLoF,2.21836017684827,0.844700822054122,0.0086342001854048,320160,921,319239,1,61,9.19224484414716,1.75554085321523,48.1318136914872
stomach,PPM1D,missense,-0.184162050820897,0.631929700092416,0.770723951487706,320160,921,319239,2,1073,0.83180099886965,0.24105708561637,2.87024502910344
stomach,TP53,missense,0.0171301011279074,0.81413273723115,0.983213014104838,320160,921,319239,1,496,1.01727766268755,0.206275888327587,5.01684346819823
stomach,SRSF2,missense,0.838585123430729,0.538365967494904,0.119316514864336,320160,921,319239,3,473,2.3130919208661,0.805257816929429,6.64432449073008
testis,NF1,missense,0.266195699363434,0.218308526960197,0.22270929848771,148857,746,148111,21,3285,1.30499041949352,0.850712410105313,2.00185159489922
testis,BRCA1,missense,0.251293040517113,0.39122840514459,0.520666739667146,148857,746,148111,6,1191,1.2856867874549,0.597201594539132,2.76789367367939
testis,BRCA1,pLoF,1.17083992094147,0.536273433907941,0.0290145297550809,148857,746,148111,3,267,3.22469999444217,1.1272300098608,9.22499397921408
testis,HOXB13,missense,0.61006293190363,0.3671184226997,0.0965607842267059,148857,746,148111,7,792,1.84054722427759,0.896303716040514,3.7795381455752
testis,PPM1D,missense,0.278985128381746,0.53492385893663,0.601989425747389,148857,746,148111,3,510,1.32178768660148,0.4632694773904,3.77128814592504
testis,TP53,missense,0.759779154916541,0.633899157790782,0.230691113218826,148857,746,148111,2,237,2.1378040448472,0.617151733335191,7.40532009764744
testis,SRSF2,pLoF,2.76413171193752,0.670025994922749,3.7007543010007e-05,148857,746,148111,2,30,15.8652583938101,4.26697392434645,58.989445064611
thyroid,NF1,missense,0.129269700159954,0.217645702139709,0.55254851996225,320119,880,319239,21,6908,1.13799700075467,0.742815162247605,1.74341779697672
thyroid,BRCA1,missense,0.241799981162383,0.32463470527942,0.456370187563959,320119,880,319239,9,2604,1.27353943546137,0.674035600779557,2.40625671967393
thyroid,BRCA1,pLoF,1.03630833452257,0.534501051028381,0.052521663144402,320119,880,319239,3,482,2.81879174671182,0.988769067939304,8.03583684903299
thyroid,HOXB13,missense,-0.0883801108120305,0.470911170373283,0.851128337805517,320119,880,319239,4,1805,0.915412852260969,0.363727963177589,2.30386655665355
thyroid,PPM1D,missense,-0.686843277289332,0.813063371031633,0.39824494542293,320119,880,319239,1,1073,0.503161907343364,0.102241440233621,2.47621614506715
thyroid,PPM1D,pLoF,2.44232885177676,0.841146137327195,0.00368931457684332,320119,880,319239,1,47,11.4997908905881,2.21159221827536,59.796371787915
thyroid,SRSF2,missense,1.0209615922103,0.536716145567701,0.0571401091430524,320119,880,319239,3,473,2.77586272898859,0.969492322827363,7.94788541255944
