Cancer,Gene,Group,log_OR,log_OR_SE,P,N,N_cases,N_controls,N_carrier_cases,N_carrier_controls,OR,CI_lower,CI_upper
colorectal,PLEKHA4,missense,-0.0394836507655608,0.0369453674996516,0.285203205972225,328039,8800,319239,845,32402,0.961285670146909,0.894137922071131,1.03347606316632
colorectal,PLEKHA4,pLoF,0.113745217014737,0.316685805443102,0.719465139360552,328039,8800,319239,10,362,1.1204666126854,0.602331358279077,2.08431026026877
NHL,PLEKHA4,missense,0.0133531511210986,0.0659023855401773,0.839431940710605,321794,2555,319239,258,32402,1.01344270259772,0.890641623218497,1.1531755137797
NHL,PLEKHA4,pLoF,0.86797029102573,0.397804351156332,0.0291167325104871,321794,2555,319239,6,362,2.38207103251972,1.09230275805949,5.19477073741905
leukemias,PLEKHA4,missense,0.0913653406210286,0.0747785575935914,0.221778721409776,321103,1864,319239,201,32402,1.09566922462078,0.94629782009607,1.26861863600112
leukemias,PLEKHA4,pLoF,0.837939878237594,0.47600163211387,0.0783447774176228,321103,1864,319239,4,362,2.31159989083725,0.909367317027179,5.87605685322765
oral,PLEKHA4,missense,0.0809234420270628,0.0970130145842433,0.404196253992363,320349,1110,319239,118,32402,1.08428788250674,0.896534438227237,1.31136090485903
neck,PLEKHA4,missense,-0.148612594264546,0.138394176329199,0.282896368249361,319892,653,319239,56,32402,0.861902956377437,0.657138684312371,1.1304717313812
anus,PLEKHA4,missense,-0.363078488542712,0.206200213014177,0.0782713127338363,319582,343,319239,24,32402,0.695531840076106,0.464300419867272,1.0419213936915
bladder,PLEKHA4,missense,-0.0400038589507009,0.0597378912864777,0.503076875810493,322524,3285,319239,317,32402,0.960785731520397,0.854628870061515,1.08012876024975
bladder,PLEKHA4,pLoF,1.22947917973175,0.307671652828324,6.44011797269871e-05,322524,3285,319239,11,362,3.41944815453495,1.87096402818616,6.24951923468465
brain,PLEKHA4,missense,0.174485568119308,0.100874801517104,0.0836795933996743,320187,948,319239,110,32402,1.19063355917955,0.977042224055745,1.45091812548285
brain,PLEKHA4,pLoF,1.86851941361272,0.395833626598757,2.353042452611e-06,320187,948,319239,6,362,6.478697024067,2.98231475259542,14.0741399254141
breast,PLEKHA4,missense,0.0117090356954809,0.0250627530892705,0.640364858689082,191078,19950,171128,2006,17263,1.0117778547934,0.963278163686892,1.06271943664975
breast,PLEKHA4,pLoF,0.236209282634169,0.206539593823251,0.252768262218846,191078,19950,171128,27,190,1.26643932619249,0.844846028821093,1.89841522858897
bone,PLEKHA4,missense,-0.361781528605277,0.322616615963691,0.262118618057948,319367,128,319239,9,32402,0.696434502239696,0.370056909131264,1.31066601904144
bone,PLEKHA4,pLoF,2.47012304970251,0.765839718968893,0.00125806173426675,319367,128,319239,1,362,11.8239016897212,2.63558398228368,53.0450374975544
prostate,PLEKHA4,missense,-0.0142710255930006,0.0297808126099771,0.631794916559392,162843,14732,148111,1470,15139,0.985830322804734,0.929935225055135,1.04508507601018
prostate,PLEKHA4,pLoF,0.180658241920756,0.256965946880327,0.482028633038472,162843,14732,148111,18,172,1.19800568120201,0.72398416439522,1.9823881277724
cervix,PLEKHA4,missense,-0.0254757090743734,0.0435972144189179,0.55898984514432,177390,6262,171128,605,17263,0.974846058591246,0.895006159004467,1.06180815449131
cervix,PLEKHA4,pLoF,0.699493146243977,0.283734400665229,0.0136894903327563,177390,6262,171128,13,190,2.01273228797057,1.15417284946141,3.50995196683899
endometrium,PLEKHA4,missense,-0.011529058240931,0.0700788732594982,0.869325375328201,173443,2315,171128,229,17263,0.98853714667998,0.861671539233991,1.13408142879468
endometrium,PLEKHA4,pLoF,0.538717739671876,0.479903735362553,0.261627065739429,173443,2315,171128,4,190,1.7138079047819,0.66906350527597,4.38992339491218
esophagus,PLEKHA4,missense,0.238481074520352,0.0854251388087614,0.00524324849556391,320519,1280,319239,156,32402,1.26931968332525,1.07363585008394,1.50066939209505
esophagus,PLEKHA4,pLoF,0.13861991273632,0.818498191923986,0.865514388621743,320519,1280,319239,1,362,1.14868741556316,0.230937754722764,5.71358624429852
eye,PLEKHA4,missense,0.11495788138745,0.137443396855624,0.402928995001262,319770,531,319239,58,32402,1.12182618681437,0.856906706935114,1.46864761733946
eye,PLEKHA4,pLoF,1.79636778398518,0.537330929730606,0.000828387307388994,319770,531,319239,3,362,6.02771369621508,2.10269217952973,17.2794347918604
HL,PLEKHA4,missense,0.0578454296877042,0.14065559599237,0.680884975903661,319762,523,319239,55,32402,1.05955120789115,0.804258557411613,1.39588040661535
HL,PLEKHA4,pLoF,1.50341963360609,0.629578470761415,0.0169413488464773,319762,523,319239,2,362,4.49704103898862,1.30926839678651,15.446319605655
kidney,PLEKHA4,missense,0.0745858155811049,0.071335026081362,0.295759267125736,321315,2076,319239,221,32402,1.07743780050603,0.936853586796137,1.23911807599439
kidney,PLEKHA4,pLoF,0.920402225257412,0.431601238956949,0.0329633703735873,321315,2076,319239,5,362,2.5102998929195,1.07732308711056,5.84931821083768
liver,PLEKHA4,missense,-0.175905102882658,0.13262437300974,0.184726873478223,319955,716,319239,61,32402,0.838697569542435,0.646718543143856,1.08766575601331
lung,PLEKHA4,missense,0.0246720885296432,0.0486154642626503,0.611807781944636,324021,4782,319239,483,32402,1.02497896305364,0.931822931025317,1.12744797291747
lung,PLEKHA4,pLoF,0.504921291878869,0.351748155022036,0.151155342207328,324021,4782,319239,8,362,1.65685510737615,0.831526239856984,3.30136165914688
non_melanoma,PLEKHA4,missense,-0.0143628145839304,0.0193009406461146,0.456785118769023,355230,35991,319239,3482,32402,0.985739838586967,0.949146648203734,1.02374383475554
non_melanoma,PLEKHA4,pLoF,0.0313620045271701,0.175419795456652,0.858108419961655,355230,35991,319239,38,362,1.03185897390348,0.73164893523086,1.45525113309867
melanoma,PLEKHA4,missense,-0.0246379058046585,0.0412632065623012,0.55044635886307,326171,6932,319239,666,32402,0.975663130031372,0.899863400361395,1.05784782770398
melanoma,PLEKHA4,pLoF,0.380289467676881,0.315167529023963,0.227576046776811,326171,6932,319239,10,362,1.46270793482671,0.788654036117624,2.71286825987401
myeloma,PLEKHA4,missense,0.067156361446786,0.0941300010662362,0.475571862722159,320407,1168,319239,126,32402,1.06946268783484,0.889287187119078,1.28614294373924
myeloma,PLEKHA4,pLoF,1.2606610773935,0.475202484992444,0.0079805298326095,320407,1168,319239,4,362,3.52775283432872,1.38996882862899,8.95346701579606
ovary,PLEKHA4,missense,0.0141064132348186,0.0807963276937349,0.861400032906483,172834,1706,171128,171,17263,1.01420637817785,0.865670022741213,1.18822940671948
ovary,PLEKHA4,pLoF,0.619903191293209,0.540750338040811,0.251639622674249,172834,1706,171128,3,190,1.85874809013718,0.644069914491928,5.36423823695294
pancreas,PLEKHA4,missense,0.0716385908578477,0.0841376773015241,0.394522294399929,320720,1481,319239,158,32402,1.07426702397325,0.910949126922664,1.26686508026514
pancreas,PLEKHA4,pLoF,-0.0620998146495724,0.816809504127784,0.939397385182919,320720,1481,319239,1,362,0.939789077391959,0.189566190545453,4.65907716689312
stomach,PLEKHA4,missense,0.0638619381721061,0.106398171098851,0.548361956685517,320160,921,319239,98,32402,1.06594522225619,0.865303778052442,1.31311019975916
stomach,PLEKHA4,pLoF,0.383243487189268,0.81454848500715,0.637999215359266,320160,921,319239,1,362,1.46703519085977,0.297232027715898,7.24078178169311
testis,PLEKHA4,missense,0.0821443824123555,0.118184924573447,0.487024229628287,148857,746,148111,79,15139,1.08561254187228,0.861143765669615,1.3685921422818
testis,PLEKHA4,pLoF,1.16262627631543,0.636899550778208,0.0679336254408061,148857,746,148111,2,172,3.19832193297086,0.91789350292256,11.1442810678501
thyroid,PLEKHA4,missense,0.13197839229917,0.105668874039327,0.211672105197998,320119,880,319239,100,32402,1.14108366280644,0.927624005203451,1.40366346517541
thyroid,PLEKHA4,pLoF,0.385889693655952,0.814362016080303,0.635603152628861,320119,880,319239,1,362,1.4709224097923,0.298128544459205,7.257314926197
