Cancer,Gene,Group,log_OR,log_OR_SE,P,N,N_cases,N_controls,N_carrier_cases,N_carrier_controls,OR,CI_lower,CI_upper
colorectal,ATM,pLoF,1.27686691593744,0.208841792687077,9.71404014016611e-10,328039,8800,319239,26,280,3.5853887852407,2.38105704063177,5.39886803296361
colorectal,ATM,missense,0.411647461088842,0.142958128555935,0.00398310451561355,328039,8800,319239,52,1270,1.5093022547534,1.14048621723163,1.99738783492992
NHL,ATM,pLoF,0.913758954930859,0.433214900711881,0.0349229233831449,321794,2555,319239,5,280,2.49367856325231,1.06681049591679,5.82899474707561
NHL,ATM,missense,0.707690483725493,0.224156371795754,0.00159331082169393,321794,2555,319239,20,1270,2.02929914307693,1.30780749627303,3.14882352626693
NHL,FAM111A,pLoF,3.23344278706528,1.02685640625402,0.00163900110662956,321794,2555,319239,1,5,25.3668394362161,3.39003828050568,189.813945961337
leukemias,ATM,pLoF,-0.0660298486541957,0.819833983851651,0.935807377108954,321103,1864,319239,1,280,0.936102922462184,0.187706645651958,4.66839454937061
leukemias,ATM,missense,0.811126668769174,0.249373102849379,0.00114328995408821,321103,1864,319239,16,1270,2.25044206166455,1.38038765407466,3.6688892848031
oral,ATM,pLoF,1.00424627008211,0.6347272379386,0.113610811555594,320349,1110,319239,2,280,2.72984892839682,0.786788147878131,9.47151427225562
oral,ATM,missense,0.229293039450736,0.427366388623715,0.591595297340943,320349,1110,319239,5,1270,1.25771054382092,0.544259191596275,2.90640164918283
neck,ATM,pLoF,1.06393959766314,0.822051353645059,0.195579235153702,319892,653,319239,1,280,2.89776455797447,0.578537767694052,14.5142459185025
neck,ATM,missense,-0.54814622604612,0.814758745567401,0.501092857185989,319892,653,319239,1,1270,0.578020336862151,0.117062883419013,2.85408577055407
anus,ATM,pLoF,1.60973844068454,0.807645619180252,0.0462477928080329,319582,343,319239,1,280,5.00150286706791,1.02714397892938,24.3539673526221
anus,ATM,missense,0.901402653444924,0.532020321572603,0.0902080683189998,319582,343,319239,3,1270,2.46305550262232,0.868195798126931,6.98764313543838
bladder,ATM,pLoF,0.491493022760046,0.482823664734197,0.308699086918929,322524,3285,319239,4,280,1.63475512544101,0.63455965901806,4.21146267679712
bladder,ATM,missense,0.461307161597327,0.225963754186815,0.0412002058414749,322524,3285,319239,20,1270,1.58614597959585,1.01859715414899,2.46992548363245
brain,ATM,pLoF,0.627671298574819,0.815869475054135,0.441698570365927,320187,948,319239,1,280,1.87324327188354,0.378551372555111,9.2696542928162
brain,ATM,missense,1.02866802069252,0.310692664502656,0.000930010585195125,320187,948,319239,10,1270,2.79733735664743,1.52153788224856,5.1428862719679
breast,ATM,pLoF,1.11300433010999,0.161108918069167,4.90161449592509e-12,191078,19950,171128,54,151,3.04348831650724,2.21939947627022,4.17357092842186
breast,ATM,missense,0.30179579830456,0.103237531453958,0.00346326237936941,191078,19950,171128,111,687,1.35228505961166,1.1045676095347,1.65555722136306
prostate,ATM,pLoF,1.046095805953,0.208255913691439,5.08370272823541e-07,162843,14732,148111,33,129,2.84651604446772,1.8925435454514,4.28135649025691
prostate,ATM,missense,0.505174458974465,0.118126609121081,1.89811156033928e-05,162843,14732,148111,91,583,1.65727462167287,1.31475529318625,2.08902689791405
cervix,ATM,pLoF,0.353112676462324,0.376262765569198,0.348001072020168,177390,6262,171128,7,151,1.42349152838719,0.680893894884917,2.97598222955516
cervix,ATM,missense,0.290267038820598,0.177849746591322,0.102660236828739,177390,6262,171128,33,687,1.33678441370007,0.943355518770755,1.89429386180939
endometrium,ATM,pLoF,0.12774541853552,0.640977463924531,0.842029775441514,173443,2315,171128,2,151,1.13626369419703,0.323502859552974,3.99098537964812
endometrium,ATM,missense,0.260779521138067,0.286850111582678,0.363289826763087,173443,2315,171128,12,687,1.29794146522719,0.739754898031561,2.27731110890764
esophagus,ATM,pLoF,2.0761116567756,0.355420606255635,5.18009235446985e-09,320519,1280,319239,8,280,7.97340522411139,3.9729149481926,16.0021524993403
esophagus,ATM,missense,-0.125184281513622,0.472900400991147,0.791228285129083,320519,1280,319239,4,1270,0.882334289703354,0.349220400610515,2.22929072134763
eye,ATM,missense,1.35869304485237,0.345737478358181,8.50023300804561e-05,319770,531,319239,8,1270,3.89110447805981,1.97597122933124,7.66240612941588
HL,ATM,pLoF,1.20560137850097,0.809670633370899,0.136486781562395,319762,523,319239,1,280,3.3387663367405,0.682956642600359,16.3222084039009
HL,ATM,missense,0.510197436313335,0.533191142158875,0.338630197501646,319762,523,319239,3,1270,1.66562001635962,0.585764176727587,4.73618932177894
kidney,ATM,pLoF,1.29367524756296,0.399894517422893,0.00121625170727152,321315,2076,319239,6,280,3.64616251060509,1.66511867271948,7.98411625042278
kidney,ATM,missense,0.429610645843802,0.285544666495995,0.132444838811274,321315,2076,319239,12,1270,1.53665910244877,0.878054498168971,2.68926496255391
liver,ATM,pLoF,1.75159942385167,0.539090154242865,0.00115739366039407,319955,716,319239,3,280,5.76381408929598,2.00371335610349,16.5799927194032
liver,ATM,missense,0.221521497695683,0.534729800334653,0.678677774208401,319955,716,319239,3,1270,1.24797407649931,0.437565157685768,3.55933114933423
lung,ATM,pLoF,1.11701124507682,0.295415583391883,0.000156104277284879,324021,4782,319239,12,280,3.05570778022105,1.71259085053923,5.45217792980936
lung,ATM,missense,0.465474379261816,0.185630352843736,0.0121576962266192,324021,4782,319239,30,1270,1.59276958656115,1.10699105494935,2.2917212786243
non_melanoma,ATM,pLoF,0.145787771657802,0.186573206744965,0.434568947966439,355230,35991,319239,34,280,1.15695062428093,0.802607887274709,1.66773186290142
non_melanoma,ATM,missense,0.150853833482358,0.0845594069377862,0.074423950513856,355230,35991,319239,168,1270,1.16282667933318,0.985230594940855,1.37243594861182
melanoma,ATM,pLoF,0.888561533509896,0.272077738178775,0.00109141068497696,326171,6932,319239,14,280,2.43162931704776,1.42660709709954,4.14467385417303
melanoma,ATM,missense,0.359665903554193,0.160608586377556,0.0251302918822745,326171,6932,319239,40,1270,1.43285062428278,1.04590115035279,1.9629588425398
myeloma,ATM,pLoF,0.360389563110548,0.818544594260988,0.659733661496194,320407,1168,319239,1,280,1.43388789560026,0.28824964212402,7.13282584498173
myeloma,ATM,missense,0.197019887859736,0.42773784840815,0.645079178133813,320407,1168,319239,5,1270,1.21776825926941,0.526591122691541,2.81614989197742
ovary,ATM,pLoF,0.806331303283833,0.542603071572154,0.137267841660477,172834,1706,171128,3,151,2.23967620321884,0.773251308741084,6.48708827073495
ovary,ATM,missense,0.0682281174111245,0.367817572884569,0.852841235061342,172834,1706,171128,7,687,1.07060950529362,0.520648005749098,2.20149640480405
pancreas,ATM,pLoF,1.86081927804119,0.351865274725036,1.23362245752531e-07,320720,1481,319239,8,280,6.42900175435631,3.22578396997151,12.8130290007863
pancreas,ATM,missense,0.752071034297491,0.285793072177589,0.00850031206724988,320720,1481,319239,12,1270,2.12138893949103,1.21158195411257,3.71439259005071
stomach,ATM,pLoF,1.77742601997258,0.478350454822618,0.000202609674976157,320160,921,319239,4,280,5.9146127135167,2.31608059083992,15.1042427838001
stomach,ATM,missense,0.601969819000547,0.394294719224629,0.126835582525961,320160,921,319239,6,1270,1.82571158202782,0.842961805383533,3.9541800820192
testis,ATM,pLoF,1.45620121916851,0.638847225640144,0.022642103474167,148857,746,148111,2,129,4.28963316160572,1.22640075633954,15.0040291201948
testis,ATM,missense,-0.71641945258852,0.814391926403835,0.379022597974567,148857,746,148111,1,583,0.488498219377161,0.0990036760577722,2.41031969555764
thyroid,ATM,pLoF,0.644317103847286,0.814582234151522,0.428956487579636,320119,880,319239,1,280,1.90468588238718,0.385877723756127,9.40149712518203
thyroid,ATM,missense,0.260400804848269,0.471848618954678,0.581034944158975,320119,880,319239,4,1270,1.29745000671865,0.514579357068646,3.27136426444262
