Cancer,Gene,Group,log_OR,log_OR_SE,P,N,N_cases,N_controls,N_carrier_cases,N_carrier_controls,OR,CI_lower,CI_upper
colorectal,ASXL1,pLoF,0.63894781438812,0.504520734061401,0.205353770864911,328039,8800,319239,4,44,1.89448647883428,0.704762329823261,5.09260904933153
colorectal,SAMHD1,pLoF,0.121163374962582,0.848964229520736,0.886512064831674,328039,8800,319239,1,55,1.12880931648327,0.213786817782829,5.96019196222756
colorectal,SAMHD1,missense,-0.242887352616426,0.435912149486134,0.577395330019075,328039,8800,319239,5,236,0.784359864881762,0.333784579370914,1.84316602881069
colorectal,RTEL1,missense,1.36537940644886,0.920005196725342,0.1377824814601,328039,8800,319239,1,12,3.91720898443896,0.645456381148347,23.7731420370645
NHL,ASXL1,pLoF,0.868617854102996,0.841890537646758,0.302190755043406,321794,2555,319239,1,44,2.38361407332201,0.4577384725435,12.4123629350356
NHL,SAMHD1,missense,0.56954053123724,0.541905890381086,0.293260759142607,321794,2555,319239,3,236,1.76745477458159,0.61105060688192,5.112336597016
NHL,RTEL1,pLoF,2.48458708561106,0.690634356498912,0.000321236880978647,321794,2555,319239,2,25,11.9961658425391,3.09865646880336,46.4420617033664
leukemias,ASXL1,pLoF,2.21976558449617,0.504205031509959,1.07007719653659e-05,321103,1864,319239,4,44,9.20517277773297,3.42650873713737,24.729312652711
leukemias,SAMHD1,missense,1.35082737722248,0.435565365330517,0.00192660265959796,321103,1864,319239,5,236,3.86061839738895,1.64400435928164,9.06589713470748
neck,SAMHD1,missense,1.16529947070272,0.82547676817357,0.158047621211696,319892,653,319239,1,236,3.20688310695379,0.63596912336294,16.1707524530189
neck,RTEL1,pLoF,3.25050988225997,0.90613391389258,0.000334210750235904,319892,653,319239,1,25,25.8034933070505,4.36893837958187,152.398639898126
bladder,ASXL1,pLoF,0.843163042680153,0.668348158718997,0.207106220069334,322524,3285,319239,2,44,2.32370534405773,0.627020980276667,8.611524487777
bladder,SAMHD1,missense,0.571074398982373,0.48521880510963,0.239218650236811,322524,3285,319239,4,236,1.77016789670462,0.683904505017348,4.58177181102817
brain,ASXL1,pLoF,2.05515808813088,0.839609792547176,0.0143749830654548,320187,948,319239,1,44,7.80807213860208,1.5061445894066,40.4781791538578
brain,SAMHD1,missense,1.21973982233699,0.637125082469323,0.0555635420209485,320187,948,319239,2,236,3.38630657766614,0.971414139918359,11.8045144359425
breast,ASXL1,pLoF,0.581136262522598,0.55193548419933,0.292384009835838,191078,19950,171128,4,15,1.7880689926901,0.60614417522458,5.27463737721346
breast,SAMHD1,pLoF,0.00547388125271546,0.577945512800321,0.992443128382919,191078,19950,171128,3,31,1.00548889031414,0.323913585927867,3.12122724228773
breast,SAMHD1,missense,0.503954121060218,0.207963208437969,0.0153808551976484,191078,19950,171128,28,142,1.65525342014299,1.10114849601693,2.48818746500195
breast,RTEL1,pLoF,-0.201536016458719,0.893255555070832,0.821497247025998,191078,19950,171128,1,14,0.817474134506465,0.14194938431809,4.70776230412948
breast,RTEL1,missense,0.367356966503957,0.96229874827842,0.702647256681547,191078,19950,171128,1,7,1.44391325579768,0.218993348343042,9.52031422891612
bone,SAMHD1,missense,2.81903766896642,0.809755790106836,0.000498906123764889,319367,128,319239,1,236,16.7607135539626,3.4278919626219,81.9516839798868
prostate,ASXL1,pLoF,0.556380288114865,0.385510880412152,0.148956114737416,162843,14732,148111,9,29,1.74434702534476,0.819380138581307,3.7134736388624
prostate,SAMHD1,pLoF,0.961990819767701,0.562975412616859,0.0874951009906509,162843,14732,148111,4,24,2.61690106937692,0.868124003680083,7.88847120673527
prostate,SAMHD1,missense,0.975427195446572,0.238233697998678,4.23238949651168e-05,162843,14732,148111,25,94,2.65230001949133,1.66279135191446,4.23065430626294
cervix,ASXL1,pLoF,1.16574265135725,0.886356716028082,0.18844030762162,177390,6262,171128,1,15,3.20830465048516,0.564686488466365,18.2282008522642
cervix,SAMHD1,pLoF,1.39141998815555,0.514716167313148,0.00686596577337366,177390,6262,171128,4,31,4.02055514213665,1.46608390817355,11.0258789151432
cervix,SAMHD1,missense,-0.0290203884229737,0.437020156354165,0.94705527126448,177390,6262,171128,5,142,0.971396659018745,0.41248140401671,2.28764608528765
endometrium,ASXL1,pLoF,1.47297513234373,0.887342150207139,0.0969173628938463,173443,2315,171128,1,15,4.36219395874156,0.766298480412658,24.8320160095245
endometrium,SAMHD1,pLoF,1.27628035178321,0.858922869298871,0.137303460678337,173443,2315,171128,1,31,3.58328634136968,0.665526023958994,19.2929210008438
endometrium,SAMHD1,missense,0.223510990195996,0.642982098205343,0.728128442375747,173443,2315,171128,2,142,1.25045938299465,0.354619191595986,4.40937407104806
esophagus,SAMHD1,missense,0.420967485763674,0.824369903164917,0.60959361367119,320519,1280,319239,1,236,1.52343474428617,0.302774239792481,7.66529352592535
eye,SAMHD1,missense,1.23223057850015,0.821531013876579,0.133635195920018,319770,531,319239,1,236,3.4288693747995,0.685271190257614,17.1569232102375
kidney,SAMHD1,pLoF,2.68295041033841,0.506873532442992,1.20236604603891e-07,321315,2076,319239,4,55,14.6281888494491,5.41675291111863,39.5040926780905
kidney,SAMHD1,missense,-0.0800681948637444,0.822658811102559,0.922465478565962,321315,2076,319239,1,236,0.923053396739619,0.184068034648755,4.62887309498588
liver,ASXL1,pLoF,1.99867430344159,0.84303554902678,0.0177493124762115,319955,716,319239,1,44,7.37926694284933,1.41390444820213,38.5129141386252
liver,RTEL1,missense,3.75252951712629,0.950955303250026,7.94467250310685e-05,319955,716,319239,1,12,42.6287759546385,6.61071205423252,274.889077679203
lung,ASXL1,pLoF,1.62223774070861,0.430842165912054,0.000166368188726189,324021,4782,319239,6,44,5.06441048354495,2.17668398838668,11.7831773848119
lung,SAMHD1,missense,0.651127118212534,0.377058843571889,0.0841931510014497,324021,4782,319239,7,236,1.91770108717359,0.915857370731131,4.01544779490167
non_melanoma,ASXL1,pLoF,0.547955007866001,0.303384361014162,0.0708962795399224,355230,35991,319239,15,44,1.72971215083623,0.954404767243702,3.13483778312533
non_melanoma,SAMHD1,pLoF,0.54358287257255,0.371152705105856,0.143035509737869,355230,35991,319239,9,55,1.72216612344094,0.83204973508634,3.56451787875378
non_melanoma,SAMHD1,missense,0.309440505602108,0.177862652662817,0.081899018782044,355230,35991,319239,39,236,1.36266249877828,0.961593102842405,1.93101331539082
non_melanoma,RTEL1,pLoF,-0.290083694346262,0.690062964490769,0.674213141750227,355230,35991,319239,2,25,0.748200944769069,0.193479783150493,2.8933496029293
non_melanoma,RTEL1,missense,0.00947097479383087,0.92041871679875,0.991790028738874,355230,35991,319239,1,12,1.00951596640156,0.166207784281031,6.13161706491734
melanoma,ASXL1,pLoF,0.915526451371656,0.563367747266431,0.10414218874264,326171,6932,319239,3,44,2.49809002871363,0.828072934507624,7.53611612154559
melanoma,SAMHD1,pLoF,0.821731798154898,0.657709876246906,0.21152487879996,326171,6932,319239,2,55,2.27443529168428,0.626657041304098,8.25500322360321
melanoma,SAMHD1,missense,0.39895116991473,0.351205428230508,0.255978248989644,326171,6932,319239,8,236,1.49026084726646,0.748713543471694,2.96625780615293
ovary,SAMHD1,missense,0.837122773494294,0.54433442440622,0.124077172555245,172834,1706,171128,3,142,2.30971184307328,0.794729801927009,6.71268245521631
pancreas,ASXL1,pLoF,1.33671251923608,0.842336233517358,0.112532834269104,320720,1481,319239,1,44,3.80650908792284,0.730346528183084,19.839228198271
pancreas,SAMHD1,missense,0.26577538981118,0.822526656309808,0.746603833296391,320720,1481,319239,1,236,1.30444203480834,0.260188936537334,6.53974394461147
stomach,SAMHD1,pLoF,2.43753573329282,0.856061662684534,0.00440802442875486,320160,921,319239,1,55,11.4448029175184,2.13760427846513,61.2758475178991
thyroid,SAMHD1,pLoF,2.20779991803099,0.835747126438678,0.00824891250612907,320119,880,319239,1,55,9.09568311527664,1.76785270665308,46.797706065771
thyroid,SAMHD1,missense,1.34060255919336,0.637421691094051,0.0354514078150753,320119,880,319239,2,236,3.82134539858415,1.09557462978871,13.3287867920933
