Cancer,Gene,Group,log_OR,log_OR_SE,P,N,N_cases,N_controls,N_carrier_cases,N_carrier_controls,OR,CI_lower,CI_upper
colorectal,IFIH1,pLoF,-0.0623933449732136,0.0833937561866352,0.454353006918411,328039,8800,319239,152,5833,0.939513261282094,0.797844068399178,1.10633794633075
colorectal,DNMT3A,missense,-0.272046812491861,0.268433912949161,0.31084088579343,328039,8800,319239,14,496,0.761818597628195,0.450153062977893,1.28926719248091
colorectal,DNMT3A,pLoF,-0.458419643000344,0.645703889026063,0.477733061558897,328039,8800,319239,2,110,0.632282087774681,0.178355592610124,2.24148081184428
colorectal,MSH6,pLoF,2.29232479373224,0.244957454997129,8.12196701514962e-21,328039,8800,319239,23,85,9.89792158046149,6.12400934766753,15.9975019715277
colorectal,MSH6,missense,0.797721321187388,0.324288936027477,0.0138972189807372,328039,8800,319239,10,160,2.22047540906984,1.17600921577456,4.19257857519126
NHL,IFIH1,pLoF,0.129174088866432,0.138908719159473,0.352412161197931,321794,2555,319239,53,5833,1.13788820059075,0.866682999861061,1.49395979527834
NHL,DNMT3A,missense,0.5931626947181,0.329037489515195,0.0714320889599232,321794,2555,319239,9,496,1.80970291187132,0.949576736406352,3.44893098543018
NHL,DNMT3A,pLoF,1.39673092828568,0.485797633156997,0.00403862285771202,321794,2555,319239,4,110,4.04196487236043,1.55984282584667,10.4737988717086
NHL,MSH6,missense,0.609987425921507,0.641235058340055,0.341467528213344,321794,2555,319239,2,160,1.84040825719826,0.52371366018422,6.46747031951028
leukemias,IFIH1,pLoF,-0.130532408158512,0.182916986224845,0.475464931205331,321103,1864,319239,30,5833,0.877628050178888,0.613212888780623,1.25605806491185
leukemias,DNMT3A,missense,2.21132757495625,0.179627542555206,7.94044590291078e-35,321103,1864,319239,34,496,9.12782622640917,6.41901103161925,12.9797582850556
leukemias,DNMT3A,pLoF,0.623364775853397,0.826302139387323,0.450607297621928,321103,1864,319239,1,110,1.86519345297552,0.369295679004582,9.4204909908507
oral,IFIH1,pLoF,-0.0125069870072646,0.222591442269374,0.955191972499893,320349,1110,319239,20,5833,0.987570900304721,0.638407683652743,1.52770135463968
oral,DNMT3A,missense,0.759934824075727,0.473825307515299,0.108751724817817,320349,1110,319239,4,496,2.13813686090929,0.844723677805697,5.41198187773612
oral,DNMT3A,pLoF,1.20719466798062,0.824164618280632,0.142989289141801,320349,1110,319239,1,110,3.34409019811976,0.664886917817016,16.8193101014484
neck,IFIH1,pLoF,0.182894988599976,0.264750368426253,0.489678335164281,319892,653,319239,14,5833,1.20068831549936,0.714618676303358,2.0173730113439
neck,DNMT3A,missense,0.909899745243679,0.538970684267143,0.0913694836483609,319892,653,319239,3,496,2.48407348071918,0.863757358539948,7.14392878579094
neck,DNMT3A,pLoF,1.79007124002887,0.832242150507349,0.0314839419140176,319892,653,319239,1,110,5.98987917034873,1.17222845381015,30.6072185492167
anus,IFIH1,pLoF,-0.602830340356057,0.530592063539674,0.25589523748878,319582,343,319239,3,5833,0.547260508517489,0.193443136991438,1.54822791255746
anus,DNMT3A,missense,1.36102158819786,0.629390233017241,0.0305839134721427,319582,343,319239,2,496,3.90017564069779,1.13591602880658,13.3912803785979
bladder,IFIH1,pLoF,0.221011084589215,0.117483864148098,0.0599442092209339,322524,3285,319239,76,5833,1.24733725670854,0.990789619899809,1.5703134154055
bladder,DNMT3A,missense,0.5213448829802,0.2906095845513,0.0728179537059251,322524,3285,319239,12,496,1.68429130188965,0.95290559956702,2.97703905917873
bladder,DNMT3A,pLoF,0.545062717890089,0.652026586267102,0.403182088985762,322524,3285,319239,2,110,1.72471654956738,0.480520249857458,6.19047205031216
bladder,MSH6,pLoF,1.14280331794796,0.565658097379131,0.0433514974226274,322524,3285,319239,3,85,3.13554598854964,1.03472306360896,9.50171982445082
bladder,MSH6,missense,-0.0643291741085875,0.82943805844692,0.938180020001391,322524,3285,319239,1,160,0.937696283384627,0.184519912209305,4.76520018541934
brain,IFIH1,pLoF,0.197901151102188,0.217644032811424,0.363198017005066,320187,948,319239,21,5833,1.21884190668765,0.795588398123529,1.86726653757376
brain,DNMT3A,missense,-0.148828820824976,0.815603059741621,0.85520838217814,320187,948,319239,1,496,0.861716610212976,0.174229576612572,4.26193721384134
brain,DNMT3A,pLoF,2.26112955501942,0.545728138658306,3.42304892036871e-05,320187,948,319239,3,110,9.59391990904236,3.29208814475735,27.9589413083298
brain,MSH6,pLoF,1.69354142365008,0.828606470228437,0.0409690728128778,320187,948,319239,1,85,5.43870740712548,1.07197483187609,27.5935006874681
brain,MSH6,missense,1.10648419748029,0.821401684306495,0.177958225941882,320187,948,319239,1,160,3.02370892123888,0.604451695323332,15.125800309798
breast,IFIH1,pLoF,0.0470442785586287,0.054890407254104,0.391412671191191,191078,19950,171128,385,3123,1.04816841943897,0.941257113158437,1.16722308936672
breast,DNMT3A,missense,0.480972986423419,0.146171921984568,0.00100023419902783,191078,19950,171128,58,263,1.61764758586453,1.21468074844342,2.1542975101949
breast,DNMT3A,pLoF,0.0952922785767629,0.334548810350673,0.775768110002433,191078,19950,171128,10,71,1.09998030882593,0.570974150584234,2.11910938273954
breast,MSH6,pLoF,0.498898142564231,0.43667568205028,0.253249884167696,191078,19950,171128,6,34,1.64690561538885,0.699793164295849,3.87585681653307
breast,MSH6,missense,-0.137287065226856,0.345367124564971,0.690991030534562,191078,19950,171128,9,89,0.871719949725879,0.442996153943254,1.71535500700403
bone,IFIH1,pLoF,0.0860172025599174,0.617260366048977,0.889171058416801,319367,128,319239,2,5833,1.08982507592504,0.325045247267925,3.65401034501521
prostate,IFIH1,pLoF,0.0204727971628427,0.0662469278972377,0.757292861293541,162843,14732,148111,272,2710,1.02068380237028,0.896399768238678,1.16219956913649
prostate,DNMT3A,missense,0.300462308323198,0.165379651885588,0.0692472271461263,162843,14732,148111,47,233,1.3504830028121,0.97660222099235,1.86749968583029
prostate,DNMT3A,pLoF,0.687603691616243,0.348576297526019,0.048540470311359,162843,14732,148111,11,39,1.98894369567657,1.00441642639287,3.93850291634342
prostate,MSH6,pLoF,0.476074816377026,0.392512497265835,0.225171554465251,162843,14732,148111,8,51,1.60974344662591,0.745846442032728,3.47427274291582
prostate,MSH6,missense,0.121849700965272,0.396382703266424,0.758535744830733,162843,14732,148111,7,71,1.12958431358916,0.519418105676041,2.45651953130511
cervix,IFIH1,pLoF,-0.00546539537803703,0.0961946889042044,0.954691785484206,177390,6262,171128,114,3123,0.994549512723361,0.823655004063575,1.20090174694298
cervix,DNMT3A,missense,0.636051985729624,0.262781619315198,0.0155009515019541,177390,6262,171128,15,263,1.88900830634843,1.12863560734976,3.16165142958097
cervix,DNMT3A,pLoF,-0.44996251905987,0.831788551962425,0.588536658417918,177390,6262,171128,1,71,0.637652050972231,0.124900466901011,3.25539325990944
cervix,MSH6,pLoF,0.975354224308491,0.571153007191441,0.0876932462831479,177390,6262,171128,3,34,2.65210648520167,0.865814064624654,8.12376363035634
cervix,MSH6,missense,-0.715302306502844,0.828447209807686,0.387903656968789,177390,6262,171128,1,89,0.489044248190987,0.0964212177138088,2.48041128663775
endometrium,IFIH1,pLoF,0.0820674727635142,0.149409936593586,0.582815226493738,173443,2315,171128,46,3123,1.08552905100358,0.809959832628863,1.45485402251135
endometrium,DNMT3A,missense,0.333013386858983,0.399037396227789,0.403975742933348,173443,2315,171128,6,263,1.39516597523496,0.638211504875025,3.04991070136612
endometrium,DNMT3A,pLoF,0.251868216545339,0.832619324672991,0.762270136271568,173443,2315,171128,1,71,1.28642649638588,0.251569578747216,6.57827205834986
endometrium,MSH6,pLoF,3.70182141711245,0.303079669120505,2.61632170387962e-34,173443,2315,171128,18,34,40.5210429063201,22.3716868888381,73.3943276774116
endometrium,MSH6,missense,2.07944403317146,0.333258868751101,4.38337981766959e-10,173443,2315,171128,10,89,8.00001993195784,4.16313606853779,15.3731028383613
esophagus,IFIH1,pLoF,0.0648204070503758,0.200331222721309,0.746266501416291,320519,1280,319239,25,5833,1.06696738735613,0.720491562331761,1.58005931672155
esophagus,DNMT3A,missense,0.84114796087501,0.397264098318771,0.0342299787907949,320519,1280,319239,6,496,2.31902760229741,1.06452068393418,5.05193473586824
esophagus,MSH6,pLoF,1.80423341946034,0.657560383771229,0.00607271145554041,320519,1280,319239,2,85,6.07531244670444,1.67437297114708,22.043727389959
eye,IFIH1,pLoF,-0.416487237703468,0.391808205993851,0.287787605758458,319770,531,319239,6,5833,0.659358927675898,0.305924417155836,1.42111636445302
eye,DNMT3A,missense,0.28067206135645,0.814259720388801,0.730322932261922,319770,531,319239,1,496,1.32401933562751,0.268407839868436,6.53120714348277
eye,DNMT3A,pLoF,1.78338154507149,0.822544278784212,0.0301489246809238,319770,531,319239,1,110,5.94994243708646,1.18675700720466,29.8307191697392
eye,MSH6,missense,1.6207948994424,0.824866748193606,0.0494238162837151,319770,531,319239,1,160,5.05710861209775,1.00409413912056,25.470069506583
HL,IFIH1,pLoF,0.337940219028236,0.273847342226602,0.217185761378871,319762,523,319239,13,5833,1.40205668458889,0.819721435701868,2.3980865464586
HL,DNMT3A,missense,1.45254849116367,0.534567599944774,0.00658288440963452,319762,523,319239,3,496,4.27399288066187,1.49902552646265,12.1859266713451
HL,DNMT3A,pLoF,2.11840378384336,0.82012937948633,0.00979420010808053,319762,523,319239,1,110,8.31784979925942,1.66692354249515,41.5055781019669
HL,MSH6,missense,1.738272519379,0.818910773066283,0.0337820072929311,319762,523,319239,1,160,5.68750986840081,1.14252062668813,28.3126341420412
kidney,IFIH1,pLoF,0.121593442016946,0.153857150679033,0.429352071343759,321315,2076,319239,43,5833,1.12929488458689,0.83530276078998,1.52676011168453
kidney,DNMT3A,missense,0.419132459909556,0.396233392083761,0.290150341107037,321315,2076,319239,6,496,1.52064176552121,0.699443179705356,3.30598888679069
kidney,DNMT3A,pLoF,0.535589789358387,0.827082082447237,0.517266043092727,321315,2076,319239,1,110,1.70845557408509,0.337745946229008,8.64205916077316
kidney,MSH6,pLoF,0.846770790288898,0.833994486094561,0.309953594496663,321315,2076,319239,1,85,2.33210382715039,0.45483145111883,11.9576345198445
kidney,MSH6,missense,0.321545472249275,0.824660737737819,0.696601302075453,321315,2076,319239,1,160,1.37925772255115,0.273963642451545,6.94381140575416
liver,IFIH1,pLoF,-0.143071649513095,0.296083719898351,0.628944153353901,319955,716,319239,11,5833,0.866691968613234,0.485107347772431,1.54843040804869
liver,DNMT3A,missense,0.498044476157991,0.633103202349276,0.431473978840148,319955,716,319239,2,496,1.64550030730823,0.475772728957917,5.69110227751408
lung,IFIH1,pLoF,-0.0215690631848906,0.109941007010521,0.844463326980769,324021,4782,319239,86,5833,0.978661885628368,0.788952251785551,1.21398865928075
lung,DNMT3A,missense,0.482970508637623,0.246209035770473,0.0498058240227363,324021,4782,319239,17,496,1.62088210228575,1.00040974978368,2.62618271171223
lung,DNMT3A,pLoF,0.113394017675174,0.646479265496363,0.8607634513007,324021,4782,319239,2,110,1.12007317464266,0.31547303774957,3.97677064735399
lung,MSH6,pLoF,0.941187903715237,0.560193240883363,0.0929353468854645,324021,4782,319239,3,85,2.56302423669685,0.854900088183814,7.68404791237199
lung,MSH6,missense,-0.062950131258509,0.643851751426411,0.922114010283004,324021,4782,319239,2,160,0.938990298786042,0.265835820894727,3.316719237636
non_melanoma,IFIH1,pLoF,0.106587754400766,0.0403545000605145,0.00825920966512315,355230,35991,319239,748,5833,1.11247554678729,1.0278758463106,1.20403825680101
non_melanoma,IFIH1,missense,2.62794828536866,0.901783097755657,0.00356636862021976,355230,35991,319239,3,3,13.845334066515,2.36430921335231,81.0779209127231
non_melanoma,DNMT3A,missense,0.213459001730501,0.115520705734913,0.0646314792688042,355230,35991,319239,94,496,1.23795274330746,0.987126164991609,1.55251380118721
non_melanoma,DNMT3A,pLoF,0.0878861572019411,0.264521958505655,0.739704098023866,355230,35991,319239,17,110,1.09186381412085,0.650140130079937,1.83370712470857
non_melanoma,MSH6,pLoF,0.631574536126067,0.262265377363241,0.0160335637544048,355230,35991,319239,19,85,1.8805692736264,1.12473093943173,3.1443438327522
non_melanoma,MSH6,missense,-0.350934983173404,0.289355306066697,0.225199861827987,355230,35991,319239,13,160,0.704029526133239,0.399292534402919,1.24133944655032
melanoma,IFIH1,pLoF,0.100713427645726,0.0858647992678251,0.240823744141662,326171,6932,319239,142,5833,1.10595965888315,0.934654360026078,1.30866213157429
melanoma,DNMT3A,missense,0.39402842592919,0.232142373901796,0.0896292336181786,326171,6932,319239,19,496,1.48294270209987,0.940858741278047,2.33735305974201
melanoma,DNMT3A,pLoF,-0.665231468875182,0.826963784649323,0.421150781410983,326171,6932,319239,1,110,0.514154503167407,0.101667183921147,2.60019844094784
melanoma,MSH6,pLoF,0.57986411846565,0.550702981370409,0.292362731455553,326171,6932,319239,3,85,1.78579575759547,0.606837707910823,5.25522136523958
melanoma,MSH6,missense,0.185110266160108,0.48087578509657,0.700278878143269,326171,6932,319239,4,160,1.20335112171987,0.468889121280458,3.08826512799033
myeloma,IFIH1,pLoF,0.37352884369419,0.183676623374938,0.0419897101223584,320407,1168,319239,30,5833,1.45285246857145,1.01362121188246,2.08241527573608
myeloma,DNMT3A,missense,0.56900284839613,0.474554959371241,0.230518562173715,320407,1168,319239,4,496,1.76650469991917,0.696903881661083,4.47771771251822
myeloma,DNMT3A,pLoF,1.05069736500062,0.826199558217623,0.203471390343657,320407,1168,319239,1,110,2.85964463896194,0.566304129878743,14.4402398458488
ovary,IFIH1,pLoF,-0.260547619672535,0.20397607421958,0.201480817115774,172834,1706,171128,24,3123,0.770629458379831,0.516679055906396,1.14939778443502
ovary,DNMT3A,missense,-0.237524891666903,0.636148810871671,0.708866053656931,172834,1706,171128,2,263,0.788577261734249,0.226648787836413,2.74369037514164
ovary,DNMT3A,pLoF,0.605616774660736,0.83134261735948,0.466319582897739,172834,1706,171128,1,71,1.83238202723148,0.359232734804525,9.34665348787876
ovary,MSH6,pLoF,2.31349700137651,0.573407965209481,5.46851470194077e-05,172834,1706,171128,3,34,10.1097166039312,3.28589163444393,31.1046075714844
ovary,MSH6,missense,0.972275220953656,0.645996685250462,0.132304095257742,172834,1706,171128,2,89,2.6439531988756,0.745384552242607,9.37836516307259
pancreas,IFIH1,pLoF,0.351909490072431,0.163763781075344,0.0316435377929848,320720,1481,319239,38,5833,1.42177983270508,1.03142194281246,1.95987481822891
pancreas,DNMT3A,missense,0.699087891493833,0.396211096960098,0.0776591245564165,320720,1481,319239,6,496,2.01191678390471,0.925453317241069,4.3738663743998
pancreas,DNMT3A,pLoF,1.64474787913781,0.547607722122172,0.00266880598218845,320720,1481,319239,3,110,5.17970383091518,1.77084434890702,15.1505872283788
pancreas,MSH6,pLoF,1.78643651016363,0.652325416852954,0.00617076861228251,320720,1481,319239,2,85,5.96814709667337,1.66180138707681,21.433836825823
stomach,IFIH1,pLoF,0.289206790133498,0.213335503934353,0.17521277208263,320160,921,319239,22,5833,1.33536784087295,0.879041548758814,2.02858132582645
stomach,DNMT3A,missense,-0.316162913075728,0.81656564720688,0.698618399230382,320160,921,319239,1,496,0.728940686524546,0.147105954546243,3.6120531361893
stomach,MSH6,pLoF,2.22091815194409,0.657028891699441,0.000724214323081342,320160,921,319239,2,85,9.21578847670838,2.542544083443,33.4038484526182
testis,IFIH1,pLoF,-0.279215284771946,0.309668282283127,0.367237882803449,148857,746,148111,10,2710,0.756377049225137,0.412238190171811,1.38780504629153
testis,DNMT3A,missense,0.818406092438835,0.635491280492029,0.197804403480338,148857,746,148111,2,233,2.26688375329131,0.65237617375662,7.87699207551564
testis,MSH6,missense,1.905057583308,0.647268081418173,0.00324809038129476,148857,746,148111,2,71,6.71979456449439,1.88973282262076,23.8952504017921
thyroid,IFIH1,pLoF,-0.116674726065712,0.263950318933467,0.65846539553,320119,880,319239,14,5833,0.889874599104629,0.530461527436944,1.49280722761889
thyroid,DNMT3A,missense,1.1107567275186,0.473784589861216,0.0190559800000015,320119,880,319239,4,496,3.03665544594548,1.19980134224543,7.68566926265705
thyroid,DNMT3A,pLoF,1.43072030931369,0.824156162835969,0.0825670075711272,320119,880,319239,1,110,4.18171023218029,0.831440045081039,21.0318237248446
thyroid,MSH6,pLoF,2.01158707210109,0.82994632674823,0.0153609385560899,320119,880,319239,1,85,7.47517157433096,1.46949993489587,38.0253096572236
thyroid,MSH6,missense,1.20054573089177,0.821487129101845,0.143897540913184,320119,880,319239,1,160,3.32192930759781,0.663955960727351,16.6204010166403
