Cancer,Gene,Group,log_OR,log_OR_SE,P,N,N_cases,N_controls,N_carrier_cases,N_carrier_controls,OR,CI_lower,CI_upper
colorectal,IGLL5,pLoF,-0.898812242923735,0.829585326547092,0.278609791071076,328039,8800,319239,1,116,0.407052852632033,0.0800767599419608,2.06916494818182
colorectal,IGLL5,missense,0.0143664066363862,0.150314645533169,0.923857675488751,328039,8800,319239,46,1645,1.01447009942541,0.75559868404611,1.36203199444084
colorectal,CHEK2,missense,0.0891728337557182,0.0989016132555154,0.367252523923197,328039,8800,319239,108,4013,1.09326959388839,0.900620988616492,1.32712697131007
colorectal,CHEK2,pLoF,0.0314401996711376,0.147233500591345,0.830906015743415,328039,8800,319239,48,1720,1.03193966341922,0.773266013099493,1.37714505861873
NHL,IGLL5,pLoF,0.334639351490198,0.828127368465202,0.686145327846088,321794,2555,319239,1,116,1.39743631100801,0.275694898394834,7.08329481137864
NHL,IGLL5,missense,-0.892507046743693,0.427567117421036,0.0368512640918107,321794,2555,319239,5,1645,0.409627509050708,0.177191679405853,0.946967130362585
NHL,CHEK2,missense,0.137823164727427,0.17253750974206,0.424405711772009,321794,2555,319239,34,4013,1.14777256565279,0.818449043267321,1.60960767600885
NHL,CHEK2,pLoF,0.70559589484604,0.193922919920051,0.000274190275939312,321794,2555,319239,27,1720,2.02505304412699,1.38474215969899,2.96144650670518
leukemias,IGLL5,pLoF,1.98727563966058,0.443746993608963,7.52052967968595e-06,321103,1864,319239,5,116,7.29563073608377,3.05734690062113,17.4092864066151
leukemias,IGLL5,missense,-0.066169701325178,0.326361031449767,0.83933043509219,321103,1864,319239,9,1645,0.935972015122247,0.493700821909114,1.77444228207761
leukemias,CHEK2,missense,0.846736900766014,0.145677105741093,6.15751586826892e-09,321103,1864,319239,49,4013,2.33202479460357,1.75280089540464,3.10265681453245
leukemias,CHEK2,pLoF,1.33813511218108,0.165572335775835,6.37778584039174e-16,321103,1864,319239,38,1720,3.81192805447429,2.75555616560685,5.27327139031046
oral,IGLL5,missense,-0.0288446966680845,0.427387457055459,0.946191031905472,320349,1110,319239,5,1645,0.971567340395678,0.420416782719124,2.2452555076855
oral,CHEK2,missense,0.275225829267538,0.247671603762124,0.266459434987172,320349,1110,319239,16,4013,1.31682801959893,0.81042085343909,2.13967351141361
oral,CHEK2,pLoF,-0.862570604528267,0.63181229349865,0.172180022642219,320349,1110,319239,2,1720,0.422075696884646,0.122346273804072,1.45609578748552
neck,IGLL5,missense,-0.275644992993803,0.632069827543129,0.662764933360092,319892,653,319239,2,1645,0.7590823624903,0.219922714804323,2.62003874204872
neck,CHEK2,missense,-0.667632472556181,0.530141948928038,0.207905160378088,319892,653,319239,3,4013,0.512921497131054,0.181465160086556,1.44980150511356
neck,CHEK2,pLoF,-0.280359773594393,0.631657437281807,0.657152615659428,319892,653,319239,2,1720,0.755511879329818,0.219065260318721,2.60560802282393
anus,CHEK2,missense,0.656895177027039,0.362463696638928,0.0699389088866385,319582,343,319239,7,4013,1.92879446269745,0.947886400988236,3.92478262738419
anus,CHEK2,pLoF,0.881628356931362,0.470827334435064,0.0611362368038076,319582,343,319239,4,1720,2.41482870970668,0.959659963936351,6.07652493212731
bladder,IGLL5,missense,-0.0886947451610142,0.249866592073988,0.722613262518262,322524,3285,319239,16,1645,0.915124877239939,0.560781312602461,1.49336920136832
bladder,CHEK2,missense,0.390712724822367,0.140438728948913,0.00540106035480431,322524,3285,319239,53,4013,1.47803384998163,1.12238723192162,1.94637287342564
bladder,CHEK2,pLoF,0.646934818257306,0.17538172385569,0.000225381323901832,322524,3285,319239,34,1720,1.90967833762821,1.35417573550497,2.69305619469435
brain,IGLL5,pLoF,1.38156873423225,0.823918975361893,0.09357651800915,320187,948,319239,1,116,3.98114208527773,0.791929597110446,20.013764305565
brain,IGLL5,missense,-0.370460343401827,0.534545364927732,0.488285595611449,320187,948,319239,3,1645,0.690416428823446,0.24216160007886,1.96841631800455
brain,CHEK2,missense,-0.530262185401834,0.391121875513882,0.17517978055761,320187,948,319239,6,4013,0.588450666276792,0.273392448719046,1.26658284917537
brain,CHEK2,pLoF,0.488302790391507,0.344476629142384,0.156330714519014,320187,948,319239,8,1720,1.62954818681344,0.829560699314095,3.20100421264238
breast,IGLL5,pLoF,0.232881664249619,0.354776293612659,0.511554995986757,191078,19950,171128,9,59,1.26223210330607,0.629728129130562,2.53002813264222
breast,IGLL5,missense,-0.0571522112922814,0.108337443773121,0.597819439921054,191078,19950,171128,96,861,0.944450302424297,0.763769146865633,1.16787432093833
breast,CHEK2,missense,0.367831665163096,0.0582079638403543,2.62806863541136e-10,191078,19950,171128,357,2236,1.44459884219472,1.28884459266112,1.61917567622446
breast,CHEK2,pLoF,0.879544115215894,0.0726626204311653,9.99863200886688e-34,191078,19950,171128,251,895,2.40980086441675,2.0899246154186,2.77863620692396
bone,CHEK2,missense,-0.111851341992134,0.777935357156409,0.885674403184012,319367,128,319239,1,4013,0.894177174217944,0.194645246823124,4.10774386707191
bone,CHEK2,pLoF,0.747229439678166,0.799652400891295,0.350075521525392,319367,128,319239,1,1720,2.1111428579177,0.440405024073918,10.1200574991371
prostate,IGLL5,pLoF,0.151052892259553,0.407620208650948,0.71095587184648,162843,14732,148111,7,57,1.16305817322974,0.523159946791585,2.58564196783855
prostate,IGLL5,missense,0.155360266001535,0.114092232340568,0.173290164884449,162843,14732,148111,92,784,1.16807870435513,0.93402095961691,1.4607893383116
prostate,CHEK2,missense,0.376759516283597,0.07293720228323,2.39754880546778e-07,162843,14732,148111,239,1777,1.45755374927844,1.26339839193652,1.68154633217419
prostate,CHEK2,pLoF,0.750040493589325,0.089554568664603,5.51141204870628e-17,162843,14732,148111,168,825,2.11708574327763,1.77627196156023,2.52329155747776
cervix,IGLL5,pLoF,0.170733223448972,0.652312634018509,0.793525546544215,177390,6262,171128,2,59,1.18617426332922,0.330292700681083,4.2598863979836
cervix,IGLL5,missense,0.139802980921205,0.167713382276181,0.404516154504309,177390,6262,171128,37,861,1.15004719529636,0.82786166644492,1.59762023658939
cervix,CHEK2,missense,-0.148588073395473,0.126427773024358,0.239882585758265,177390,6262,171128,65,2236,0.861924091246105,0.672749686637363,1.10429354903718
cervix,CHEK2,pLoF,0.280751909818155,0.154592978182949,0.0693593969080533,177390,6262,171128,44,895,1.32412506075567,0.97800083058065,1.79274610173924
endometrium,IGLL5,pLoF,0.461852508585459,0.837577084468929,0.58134926899355,173443,2315,171128,1,59,1.58701121543399,0.307349909141026,8.19458383752972
endometrium,IGLL5,missense,-0.231577158784874,0.327431719041314,0.479409090668945,173443,2315,171128,9,861,0.793281484506264,0.417558119706564,1.50708484390795
endometrium,CHEK2,missense,-0.0116914663911597,0.190032200634519,0.950942214507009,173443,2315,171128,28,2236,0.988376613226879,0.681030807294653,1.43442604814671
endometrium,CHEK2,pLoF,0.504362658926256,0.225276889864887,0.0251652460446921,173443,2315,171128,20,895,1.65592979199536,1.06484374303487,2.57512287033083
esophagus,IGLL5,pLoF,1.02037506496719,0.832545561494595,0.220345970617225,320519,1280,319239,1,116,2.77423508724967,0.54259925539401,14.1842810192182
esophagus,IGLL5,missense,0.495526974527122,0.297906514385267,0.0962395926548717,320519,1280,319239,11,1645,1.64136296766578,0.915432118594271,2.94295157106963
esophagus,CHEK2,missense,-0.582146799566777,0.365026319863362,0.110755236099569,320519,1280,319239,7,4013,0.558697666287182,0.273190687147021,1.14258317358659
esophagus,CHEK2,pLoF,0.407367308247191,0.311230004862385,0.190570017387476,320519,1280,319239,10,1720,1.5028560157041,0.816578448499907,2.7659022940014
eye,IGLL5,pLoF,1.92436049681485,0.828519344629797,0.0201979596869429,319770,531,319239,1,116,6.85076617794954,1.35052366987423,34.7517028185875
eye,IGLL5,missense,0.648748983015856,0.427839015803982,0.129433656294687,319770,531,319239,5,1645,1.91314595323046,0.827124476850966,4.42512286941011
eye,CHEK2,missense,0.729386418927325,0.274478125567229,0.00787559513618941,319770,531,319239,13,4013,2.07380776802407,1.21096695674217,3.55144179184458
eye,CHEK2,pLoF,-0.674223724674879,0.813127647182438,0.407006357915479,319770,531,319239,1,1720,0.509551819622887,0.103526813935831,2.50797882220088
HL,IGLL5,missense,0.496301828277691,0.471558770496126,0.292583608540747,319762,523,319239,4,1645,1.64263527678041,0.651852885345217,4.13935523364979
HL,CHEK2,missense,0.728204313474436,0.283741362101146,0.010274930575714,319762,523,319239,12,4013,2.07135775692428,1.18777458875446,3.61223669692208
HL,CHEK2,pLoF,0.82328744869333,0.393236681323932,0.0362940104638815,319762,523,319239,6,1720,2.27797627172006,1.05396339076708,4.92348779851161
kidney,IGLL5,missense,-0.0600796688418141,0.310689496807365,0.846665072729091,321315,2076,319239,10,1645,0.941689507283265,0.512210352822964,1.73127919660362
kidney,CHEK2,missense,0.212444015273626,0.18638835906902,0.254372845115404,321315,2076,319239,29,4013,1.23669687549098,0.85824089487848,1.782039484457
kidney,CHEK2,pLoF,0.816913946970548,0.201443809187802,5.0071202787708e-05,321315,2076,319239,25,1720,2.26350375532316,1.5251478193053,3.3593132321402
liver,IGLL5,missense,0.215054524581097,0.472381990835588,0.64892539828988,319955,716,319239,4,1645,1.23992950175966,0.491252432379642,3.12960316936573
liver,CHEK2,missense,0.0635904613505679,0.342623763087518,0.852759618837227,319955,716,319239,8,4013,1.06565588211167,0.544471448290583,2.08573371963688
liver,CHEK2,pLoF,0.37249198228445,0.427648182837017,0.383740855507956,319955,716,319239,5,1720,1.45134684261036,0.627706201410703,3.35572223569103
lung,IGLL5,pLoF,0.186542886801685,0.648336773469486,0.773557028894024,324021,4782,319239,2,116,1.20507630284589,0.338181062502506,4.29417568486693
lung,IGLL5,missense,0.194634771151367,0.187607015360834,0.299521535643861,324021,4782,319239,29,1645,1.21486720090399,0.841080232540975,1.75476994789601
lung,CHEK2,missense,0.144903167992922,0.130347060107594,0.266279232636536,324021,4782,319239,61,4013,1.15592763405576,0.895321528672529,1.49238977549759
lung,CHEK2,pLoF,0.243373351443477,0.181732640604208,0.180510946631204,324021,4782,319239,31,1720,1.2755447617076,0.893314944424964,1.8213223110994
non_melanoma,IGLL5,pLoF,-0.119774360932039,0.295920674036831,0.685660122213064,355230,35991,319239,13,116,0.887120583197438,0.496700413524671,1.58442173129673
non_melanoma,IGLL5,missense,0.0514417872063267,0.0762476332824413,0.499887145016019,355230,35991,319239,204,1645,1.05278789878356,0.906648153109072,1.22248344743693
non_melanoma,CHEK2,missense,0.00863278391151296,0.0548106815824898,0.874849347666126,355230,35991,319239,393,4013,1.00867015384867,0.905929149023181,1.12306296840336
non_melanoma,CHEK2,pLoF,0.035270922274264,0.0762556886672894,0.643697734391916,355230,35991,319239,203,1720,1.0359003192565,0.892090690032742,1.20289280386541
melanoma,IGLL5,pLoF,0.496550566938612,0.484581620526109,0.305504976963599,326171,6932,319239,4,116,1.64304391449943,0.635583403084338,4.24742573810629
melanoma,IGLL5,missense,-0.00711705470398379,0.165983965124298,0.965798813702681,326171,6932,319239,37,1645,0.992908211553866,0.717171950062165,1.37465877811541
melanoma,CHEK2,missense,0.132552837631222,0.109279223362888,0.225139827847833,326171,6932,319239,87,4013,1.14173934129772,0.921612427511391,1.41444351720272
melanoma,CHEK2,pLoF,0.352042525412688,0.13859559261735,0.011083024198497,326171,6932,319239,54,1720,1.42196899225107,1.083720637659,1.86579063336039
myeloma,IGLL5,missense,0.441687410167847,0.326634990191386,0.176300009275189,320407,1168,319239,9,1645,1.55532948425627,0.819955337477649,2.95022142552102
myeloma,CHEK2,missense,0.567015768160187,0.201330573598043,0.00485739151448873,320407,1168,319239,25,4013,1.76299799854561,1.18817093458539,2.61592154159234
myeloma,CHEK2,pLoF,0.706771413374235,0.28547565191918,0.0132950030558628,320407,1168,319239,12,1720,2.02743493120285,1.15864291240645,3.54767837117666
ovary,IGLL5,pLoF,1.3255503371665,0.653035052799948,0.042373791884105,172834,1706,171128,2,59,3.76425639526096,1.04668199184646,13.5376612186346
ovary,IGLL5,missense,0.502396252306347,0.266185841093844,0.0591080115007916,172834,1706,171128,14,861,1.65267676013019,0.980866995212241,2.78461859437264
ovary,CHEK2,missense,0.0790029184219406,0.213154389618233,0.71090786766894,172834,1706,171128,22,2236,1.08220748040376,0.712644907638426,1.64341738513632
ovary,CHEK2,pLoF,0.772475805304818,0.230605393524796,0.000808777050531205,172834,1706,171128,19,895,2.16512003926373,1.37781311007541,3.40230815786388
pancreas,IGLL5,pLoF,0.896853823044481,0.828353034365034,0.278943751988891,320720,1481,319239,1,116,2.45187692487661,0.483507578096713,12.4335185777376
pancreas,IGLL5,missense,-0.0442204633265097,0.366922817871804,0.90407355742968,320720,1481,319239,7,1645,0.956743007474489,0.466090260542459,1.96390540597436
pancreas,CHEK2,missense,-0.120153265186822,0.255440766453396,0.638086242241363,320720,1481,319239,15,4013,0.886784513107173,0.537509971449316,1.46301801725901
pancreas,CHEK2,pLoF,0.266106164511388,0.310785766938027,0.391866893115898,320720,1481,319239,10,1720,1.30487358259996,0.70962207060056,2.39943927494566
stomach,IGLL5,pLoF,1.31777343819244,0.83019898832193,0.112445101355001,320160,921,319239,1,116,3.73509569046038,0.733896932679426,19.0093992707688
stomach,IGLL5,missense,0.146249449333501,0.427953558885878,0.732545511379877,320160,921,319239,5,1645,1.15748488587488,0.500311630784105,2.67787350641648
stomach,CHEK2,missense,-0.0224969004406793,0.309470383612321,0.942048953692277,320160,921,319239,10,4013,0.977754267795994,0.533099226232992,1.79329355802789
stomach,CHEK2,pLoF,0.69324302274049,0.327002921984169,0.03400686331006,320160,921,319239,9,1720,2.00019169354711,1.05372243687193,3.79679379591792
testis,IGLL5,missense,0.846751519717266,0.327584834996605,0.00974266671134332,148857,746,148111,9,784,2.33205888660955,1.2271532318225,4.43180078052487
testis,CHEK2,missense,0.407537523940841,0.28464377126754,0.152216583833973,148857,746,148111,12,1777,1.50311184715591,0.860403325814973,2.62591410013486
testis,CHEK2,pLoF,0.883503919976878,0.311707878024321,0.0045912234633645,148857,746,148111,10,825,2.41936212321834,1.31333237553291,4.4568406233711
thyroid,IGLL5,pLoF,2.07392632148021,0.64306151588364,0.00125936453892286,320119,880,319239,2,116,7.95599968564641,2.25589978364185,28.0588399613301
thyroid,IGLL5,missense,-0.571145376187387,0.631937581921893,0.366101302594249,320119,880,319239,2,1645,0.564878070139728,0.163699920994048,1.9492204528088
thyroid,CHEK2,missense,0.295369473449492,0.255943326244295,0.248482749455659,320119,880,319239,15,4013,1.34362269990193,0.813613185450883,2.21889466883613
thyroid,CHEK2,pLoF,1.12117601102066,0.275040306439881,4.57370927426162e-05,320119,880,319239,13,1720,3.06846062579345,1.78980543086104,5.26060009076803
