Cancer,Gene,Group,log_OR,log_OR_SE,P,N,N_cases,N_controls,N_carrier_cases,N_carrier_controls,OR,CI_lower,CI_upper
colorectal,CHEK2,pLoF,0.0922082312732686,0.161240282118942,0.567411095322041,328039,8800,319239,40,1356,1.09659314329467,0.79946149074833,1.504158156255
colorectal,CHEK2,missense,0.295892573840595,0.156515836992561,0.0586916464486852,328039,8800,319239,43,1280,1.34432573332424,0.989186065890523,1.82696839310084
NHL,CHEK2,pLoF,0.636629575571359,0.224129722341446,0.00450497418634332,321794,2555,319239,20,1356,1.89009969351386,1.21816227597186,2.93267729750622
NHL,CHEK2,missense,0.556688746827156,0.242836553279389,0.0218801429643515,321794,2555,319239,17,1280,1.74488516737502,1.08408666411759,2.80846942232571
leukemias,CHEK2,pLoF,1.36503919216438,0.182760197725722,8.07955362056133e-14,321103,1864,319239,31,1356,3.91587652066159,2.73692707841261,5.60266623324226
leukemias,CHEK2,missense,1.29516933858637,0.199844191750353,9.11797627809404e-11,321103,1864,319239,26,1280,3.6516142809885,2.46818218015203,5.40247270414124
oral,CHEK2,pLoF,-0.626448376470594,0.632181824135714,0.321719421207508,320349,1110,319239,2,1356,0.534486729623563,0.154818474062607,1.84523239796412
oral,CHEK2,missense,-0.533460820171717,0.630985501925484,0.397864832297271,320349,1110,319239,2,1280,0.586571434605404,0.170304089395032,2.02030408733731
neck,CHEK2,pLoF,-0.563317634380804,0.81478560348056,0.489333582693293,319892,653,319239,1,1356,0.569317141109245,0.115294209708221,2.81126006224484
neck,CHEK2,missense,-0.420497082453598,0.811800100583369,0.6044714789777,319892,653,319239,1,1280,0.656720294531452,0.133774993651276,3.22393246658445
anus,CHEK2,pLoF,0.878265355068651,0.533302871021593,0.0995906075838249,319582,343,319239,3,1356,2.40672127655531,0.846208864592817,6.84500901064325
anus,CHEK2,missense,0.136652318485555,0.803822378297465,0.865007676849912,319582,343,319239,1,1280,1.14642948688057,0.237209729885897,5.54066887990409
bladder,CHEK2,pLoF,0.680483327289969,0.19297462435392,0.000421434804814334,322524,3285,319239,28,1356,1.97483199179676,1.35291295678394,2.88264028832625
bladder,CHEK2,missense,0.405365988043977,0.237863444290521,0.0883444309231329,322524,3285,319239,18,1280,1.49985132727207,0.940975857442206,2.39066070200206
brain,CHEK2,pLoF,0.282622881653255,0.427356063357363,0.508401462110361,320187,948,319239,5,1356,1.32660478047,0.574083966016541,3.06554502083959
brain,CHEK2,missense,-0.408571846527925,0.630598499831114,0.517042370135205,320187,948,319239,2,1280,0.664598721665539,0.193104807215935,2.28731468267155
breast,CHEK2,pLoF,0.933279761374248,0.0805894822762041,5.16441332303662e-31,191078,19950,171128,206,697,2.54283540948446,2.17130263175305,2.9779413634789
breast,CHEK2,missense,0.463485321044491,0.0965439370085843,1.58056024909762e-06,191078,19950,171128,131,715,1.58960462381775,1.31556033032354,1.92073506765086
bone,CHEK2,pLoF,1.03200983883979,0.80193305229323,0.198128191658131,319367,128,319239,1,1356,2.80670118678423,0.582893921704035,13.514588604504
prostate,CHEK2,pLoF,0.683503204616994,0.102518749793111,2.60899566972106e-11,162843,14732,148111,126,659,1.98080475612213,1.62023329361828,2.4216188479339
prostate,CHEK2,missense,0.469215571917457,0.123904521780554,0.00015253083410807,162843,14732,148111,82,565,1.59873960497175,1.25403602730448,2.03819369527941
cervix,CHEK2,pLoF,0.368302508091921,0.168661886067698,0.0289862409567458,177390,6262,171128,37,697,1.44527918149846,1.03845214858085,2.01148595563836
cervix,CHEK2,missense,-0.0327027121798251,0.206917081625187,0.874419427643868,177390,6262,171128,24,715,0.967826239778137,0.645162703859503,1.45186264611953
endometrium,CHEK2,pLoF,0.649451674869008,0.237584212628248,0.00626529265641787,173443,2315,171128,18,697,1.91449077774896,1.20176964520436,3.04989808380671
endometrium,CHEK2,missense,-0.406785886033135,0.39522389462579,0.303360200407357,173443,2315,171128,6,715,0.665786729278876,0.306845631965399,1.44460902390765
esophagus,CHEK2,pLoF,0.536612590599453,0.327413574183733,0.101224873565997,320519,1280,319239,9,1356,1.71020387849812,0.900228892628507,3.24894849518784
esophagus,CHEK2,missense,-0.603875372226364,0.631956859998817,0.339292438968323,320519,1280,319239,2,1280,0.546688902569965,0.158422770368458,1.8865265106654
eye,CHEK2,missense,0.860115723420165,0.429977622455972,0.0454599773505222,319770,531,319239,5,1280,2.3634341825679,1.01752689381009,5.48960540434908
HL,CHEK2,pLoF,0.893923475798937,0.427266906373372,0.0364215379772707,319762,523,319239,5,1356,2.44470259086214,1.05812209398644,5.64828084748851
HL,CHEK2,missense,0.832212478005842,0.470362859259995,0.0768440109912269,319762,523,319239,4,1280,2.2983982746444,0.91422205742132,5.77828393660584
kidney,CHEK2,pLoF,0.919510709481285,0.214584473484099,1.82676989083348e-05,321315,2076,319239,22,1356,2.50806291825941,1.64696280887957,3.8193816934016
kidney,CHEK2,missense,0.268426467016137,0.311563620151577,0.388937262638656,321315,2076,319239,10,1280,1.307904799352,0.710186968730262,2.40868255753324
liver,CHEK2,pLoF,0.419528928194765,0.472661520200247,0.374762143603709,319955,716,319239,4,1356,1.52124477128283,0.602377696083513,3.84175189287639
liver,CHEK2,missense,0.544811291712899,0.472073515293018,0.248466773645415,319955,716,319239,4,1280,1.7242829651881,0.683563449858643,4.34948905570172
lung,CHEK2,pLoF,0.226402073465538,0.20584919153411,0.271399938296962,324021,4782,319239,24,1356,1.25407979613227,0.837733768061295,1.87734599586068
lung,CHEK2,missense,0.313709120922275,0.206673942430676,0.12904114259995,324021,4782,319239,24,1280,1.368491613069,0.912685101822457,2.05193367493415
non_melanoma,CHEK2,pLoF,0.055172339195651,0.0849124184234698,0.515849952275906,355230,35991,319239,164,1356,1.05672271372615,0.894712409283421,1.24806908020769
non_melanoma,CHEK2,missense,0.0891137807649148,0.0899393701437084,0.32177318809159,355230,35991,319239,146,1280,1.09320503495533,0.916526639553411,1.30394163887481
melanoma,CHEK2,pLoF,0.341327255415045,0.156765279204187,0.0294571386245064,326171,6932,319239,42,1356,1.4068135528914,1.03466008672038,1.9128256690294
melanoma,CHEK2,missense,0.294660059780415,0.171509070892242,0.0857886648574299,326171,6932,319239,35,1280,1.34266985361359,0.959357449369895,1.87913518260247
myeloma,CHEK2,pLoF,0.84842287232904,0.297821304580374,0.00438893023603388,320407,1168,319239,11,1356,2.33595983834535,1.30304501080163,4.18765915308288
myeloma,CHEK2,missense,0.967341860953021,0.298788881728362,0.00120563757065149,320407,1168,319239,11,1280,2.63094174739728,1.46481127813372,4.7254240744356
ovary,CHEK2,pLoF,0.795471579354938,0.258374181229375,0.00207865451974282,172834,1706,171128,15,697,2.21548552773115,1.33518183638967,3.67618551257288
ovary,CHEK2,missense,0.190103102502041,0.346441330113035,0.583190058780807,172834,1706,171128,8,715,1.20937428074382,0.613294872265852,2.38480087974815
pancreas,CHEK2,pLoF,0.291174183983242,0.345254132410857,0.399026068746462,320720,1481,319239,8,1356,1.33799762140901,0.680102687587005,2.63230489685009
pancreas,CHEK2,missense,0.126265403693759,0.394351430181969,0.748828110669942,320720,1481,319239,6,1280,1.13458325091271,0.523797983475376,2.4575870733801
stomach,CHEK2,pLoF,0.538027157108966,0.394440515591538,0.172559352198297,320160,921,319239,6,1356,1.71262478749379,0.790521798210574,3.71031345293384
stomach,CHEK2,missense,0.027053655677318,0.534904222046203,0.959662881442554,320160,921,319239,3,1280,1.02742292835769,0.360112298927021,2.93130192126265
testis,CHEK2,pLoF,1.01543326717212,0.327847116281877,0.00195307412111167,148857,746,148111,9,659,2.76055919798419,1.45188792505791,5.24881222169483
testis,CHEK2,missense,0.777524299616709,0.39576251472792,0.0494578408988485,148857,746,148111,6,565,2.17607827348344,1.00184572557739,4.7265926593614
thyroid,CHEK2,pLoF,1.26408415617436,0.285931161840232,9.82730245083073e-06,320119,880,319239,12,1356,3.53984930196923,2.02115549866675,6.19968779686558
thyroid,CHEK2,missense,0.540538294835743,0.394850360518798,0.171008655254324,320119,880,319239,6,1280,1.7169308284777,0.791873049489934,3.72263138854885
