Cancer,Gene,Group,log_OR,log_OR_SE,P,N,N_cases,N_controls,N_carrier_cases,N_carrier_controls,OR,CI_lower,CI_upper
colorectal,TET2,missense,1.18550861994982,0.594719642130471,0.0462186784654434,328039,8800,319239,3,23,3.27235078115863,1.02007845446001,10.4975059399898
NHL,TET2,missense,1.68287535264566,0.86597803108435,0.0519770985898839,321794,2555,319239,1,23,5.38100603823,0.985692933175521,29.3755032717798
leukemias,TET2,missense,2.4372185160378,0.687519653573963,0.000392696842730566,321103,1864,319239,2,23,11.4411730043186,2.97339606670661,44.0238827179645
bladder,TET2,missense,1.24614931465659,0.882482339893208,0.15792185237524,322524,3285,319239,1,23,3.47692858882386,0.616631123672547,19.6049663205135
breast,TET2,missense,0.963806567423447,0.578668925737701,0.0958015137980217,191078,19950,171128,4,11,2.62165701785344,0.843358043306128,8.14966498963636
prostate,TET2,missense,0.732353715659631,0.583417215033271,0.209376041902383,162843,14732,148111,4,12,2.07997050985758,0.662905380097385,6.5262365516503
HL,TET2,missense,3.62210827079676,0.858744896634415,2.46577724214194e-05,319762,523,319239,1,23,37.4163685633778,6.95179014677679,201.384766644551
non_melanoma,TET2,missense,0.641143927327583,0.416408623088199,0.123633748457142,355230,35991,319239,8,23,1.89865155692104,0.839455361351348,4.29430545156755
melanoma,TET2,missense,0.754005796900934,0.862550145934673,0.382031781747003,326171,6932,319239,1,23,2.12549729654474,0.391973350864624,11.5256273102589
ovary,TET2,missense,2.87391089841296,0.733992996006438,9.02367523794369e-05,172834,1706,171128,2,11,17.706129842542,4.2009515591719,74.6276241430302
