Cancer,Gene,Group,log_OR,log_OR_SE,P,N,N_cases,N_controls,N_carrier_cases,N_carrier_controls,OR,CI_lower,CI_upper
colorectal,POT1,pLoF,0.714226355979428,0.562486404513428,0.204167840525735,328039,8800,319239,3,68,2.04260582104566,0.678258538395663,6.1513984771036
NHL,POT1,pLoF,1.10619804775229,0.837567445081552,0.186592364683776,321794,2555,319239,1,68,3.02284381153487,0.585432739699418,15.6082570879555
leukemias,POT1,pLoF,1.41817953570356,0.838555204323517,0.0907952016924977,321103,1864,319239,1,68,4.12959581143699,0.798230030883002,21.3642194681316
prostate,POT1,pLoF,0.711311114709586,0.505262278063345,0.15918861229019,162843,14732,148111,5,30,2.03665980350707,0.756551438235696,5.48275100090311
cervix,POT1,pLoF,0.511878097421822,0.662805772818662,0.439942841264902,177390,6262,171128,2,38,1.66842171283431,0.455118549303559,6.11627677253892
HL,POT1,pLoF,2.60233102963429,0.827410573902314,0.00166001237843429,319762,523,319239,1,68,13.4951590147393,2.66615165332909,68.3079361242249
kidney,POT1,pLoF,1.80712336908238,0.658128779618425,0.00603542230602734,321315,2076,319239,2,68,6.09289518799452,1.67734915587938,22.1321670814711
lung,POT1,pLoF,0.949503418380321,0.661947734795066,0.151455740210621,324021,4782,319239,2,68,2.58442596218178,0.70617633847472,9.45834232909284
lung,POT1,missense,3.22999364162194,1.12860133780611,0.00421051512865769,324021,4782,319239,1,5,25.2794962338576,2.76758657157019,230.906211354774
non_melanoma,POT1,pLoF,-0.0962335795791153,0.424615049975935,0.820705838579528,355230,35991,319239,6,68,0.908251842206897,0.395160295571982,2.08756147344756
melanoma,POT1,missense,2.80995348401298,1.01064044722996,0.00542971428932906,326171,6932,319239,1,5,16.609145610016,2.29133497476099,120.394320748972
myeloma,POT1,pLoF,2.38626008150193,0.657271703242875,0.000282814074525472,320407,1168,319239,2,68,10.8727545935742,2.99825728563313,39.4285016894824
pancreas,POT1,pLoF,2.07879137043061,0.658421475188009,0.00159272894424602,320720,1481,319239,2,68,7.9948003205304,2.1996736147234,29.0574163991099
