Cancer,Gene,Group,log_OR,log_OR_SE,P,N,N_cases,N_controls,N_carrier_cases,N_carrier_controls,OR,CI_lower,CI_upper
colorectal,CDKN2A,missense,0.617138352524432,0.563315851830418,0.273277563200077,328039,8800,319239,3,60,1.85361604925822,0.614503638460576,5.59132972210725
colorectal,CDKN2A,pLoF,4.40682256493622,1.6259724689648,0.00672286861091892,328039,8800,319239,1,1,82.0084724867725,3.38710334597774,1985.58735079644
colorectal,JAK2,missense,0.525462144536348,0.383486809918731,0.170617546983786,328039,8800,319239,7,120,1.69124026524965,0.7975919194628,3.58616175139813
NHL,CDKN2A,missense,1.03526106288941,0.838544827653027,0.216982242644775,321794,2555,319239,1,60,2.81584125133041,0.544298973891566,14.5672917514513
NHL,JAK2,missense,1.27722410968845,0.485923565871219,0.00857758395850531,321794,2555,319239,4,120,3.58666969246215,1.38379734761636,9.296303035257
leukemias,CDKN2A,missense,1.83344158913175,0.657435064492109,0.00529070334998992,321103,1864,319239,2,60,6.25537809623346,1.72442306687127,22.691505279985
leukemias,JAK2,missense,3.12423844422773,0.242682205320223,6.32265037247723e-38,321103,1864,319239,21,120,22.742568762363,14.134096391985,36.5940927220585
oral,CDKN2A,missense,2.77870508715307,0.558973406786174,6.65787772525417e-07,320349,1110,319239,3,60,16.098161729072,5.38241598672096,48.1476741475785
oral,CDKN2A,pLoF,6.06429429089175,1.52210170395786,6.77196924905324e-05,320349,1110,319239,1,1,430.218961077646,21.7808200939129,8497.76792942963
oral,JAK2,missense,1.01924977537462,0.825010067622316,0.216667092445589,320349,1110,319239,1,120,2.77111502519456,0.550053218763746,13.960610029913
neck,CDKN2A,missense,2.26786279369908,0.851085381236036,0.00770636053534162,319892,653,319239,1,60,9.6587360279852,1.82169265428876,51.2112630188559
neck,CDKN2A,pLoF,7.20591073843042,1.92881464898317,0.000187024918059745,319892,653,319239,1,1,1347.37123318754,30.7381174004806,59060.5213835555
neck,JAK2,missense,1.40391763243216,0.834700834729789,0.0925802636578847,319892,653,319239,1,120,4.07111790971947,0.792893836970861,20.9031780322032
bladder,CDKN2A,missense,0.629399529629222,0.849727977765371,0.45887106529891,322524,3285,319239,1,60,1.87648346817591,0.354858307335941,9.92280618360725
bladder,JAK2,missense,0.590334971641983,0.55447727643886,0.287025576466215,322524,3285,319239,3,120,1.80459280157995,0.608705614101426,5.34996738007995
brain,JAK2,missense,1.79131810952813,0.641338528324822,0.00522066913275603,320187,948,319239,2,120,5.99735242610966,1.70628363420865,21.0798693733267
breast,CDKN2A,missense,1.27906964486096,0.335764071154035,0.000139287668926187,191078,19950,171128,13,30,3.59329512938969,1.86075842147328,6.9389823729362
breast,JAK2,missense,0.615390446576523,0.297958417577097,0.038889252039889,191078,19950,171128,14,59,1.85037893265243,1.03190094531921,3.31805316191934
prostate,CDKN2A,missense,0.435791861528253,0.48764353608591,0.371499070953338,162843,14732,148111,5,30,1.54618694026861,0.594537250371455,4.02110053283211
prostate,JAK2,missense,0.873660740753511,0.274069695995492,0.00143393372190242,162843,14732,148111,19,61,2.39566472841815,1.40003047934999,4.09934610398729
cervix,CDKN2A,missense,0.214791348153052,0.853775883750378,0.801367157612484,177390,6262,171128,1,30,1.23960322447848,0.232566601975586,6.60720903639795
cervix,JAK2,missense,0.544765689790957,0.556480298861973,0.327605305729405,177390,6262,171128,3,59,1.72420433636374,0.579311091844509,5.13175155005228
endometrium,CDKN2A,missense,1.31118071507501,0.858971878324499,0.126896937900589,173443,2315,171128,1,30,3.71055223176617,0.689097002728339,19.9800576844081
endometrium,JAK2,missense,1.54494730975912,0.498341143197829,0.00193402985525341,173443,2315,171128,4,59,4.68772462317513,1.76511636444638,12.4494693864643
esophagus,JAK2,missense,1.29185819244834,0.648498899547643,0.0463628722734711,320519,1280,319239,2,120,3.63954324797021,1.02104203149262,12.9732906631487
HL,CDKN2A,missense,2.68933496293952,0.829977555734004,0.00119424848627558,319762,523,319239,1,60,14.7218820669912,2.8939109168595,74.8930488259806
kidney,JAK2,missense,1.65843685122425,0.442755385289001,0.000179878508056304,321315,2076,319239,5,120,5.25109618118219,2.20483404294685,12.5061617187171
lung,CDKN2A,missense,0.905117632180206,0.661573193239865,0.171271624594628,324021,4782,319239,2,60,2.47222271890204,0.676013657522853,9.0410675935919
lung,JAK2,missense,0.928717292916959,0.411898186021029,0.0241505717374078,324021,4782,319239,6,120,2.53126022891392,1.12908964373231,5.67472953281326
non_melanoma,CDKN2A,missense,1.15162619872294,0.255734938474587,6.69370662830063e-06,355230,35991,319239,23,60,3.16333293718662,1.91629748242778,5.22187988203803
non_melanoma,CDKN2A,pLoF,2.81939591014713,1.61246845826874,0.0803780423653172,355230,35991,319239,1,1,16.7667190074117,0.711070147102881,395.351805189519
non_melanoma,JAK2,missense,1.23440164689734,0.166830092159582,1.37054196888351e-13,355230,35991,319239,60,120,3.43632177164161,2.47792291438586,4.7654054327936
melanoma,CDKN2A,missense,3.14607381731592,0.225909590893993,4.38786556859693e-44,326171,6932,319239,31,60,23.2446225547844,14.9289033399654,36.1923756494525
melanoma,CDKN2A,pLoF,4.17562832846005,1.47337341699786,0.00459607346983305,326171,6932,319239,1,1,65.0807188847578,3.62505512600759,1168.39601697908
melanoma,JAK2,missense,1.01486409791196,0.358993018482234,0.004699007410778,326171,6932,319239,8,120,2.75898841960963,1.36513143173293,5.57603240435036
myeloma,CDKN2A,missense,1.85030695769799,0.839152398314709,0.0274561082787216,320407,1168,319239,1,60,6.36177201781353,1.22825993338201,32.9507965754409
myeloma,JAK2,missense,2.02267380441864,0.486867026986609,3.26044301926049e-05,320407,1168,319239,4,120,7.55850791082106,2.91081166876276,19.6271859327224
pancreas,CDKN2A,missense,3.17582189634717,0.400878503882213,2.33427883311186e-15,320720,1481,319239,7,60,23.9464933178849,10.9147432446703,52.5376116844081
pancreas,JAK2,missense,1.20449563734857,0.644582391950655,0.0616722263815159,320720,1481,319239,2,120,3.33507656574548,0.942836272077422,11.7971020301087
stomach,CDKN2A,missense,1.98918541525281,0.843207458926773,0.0183207998142902,320160,921,319239,1,60,7.30957706653539,1.40007970096399,38.1620538136737
stomach,JAK2,missense,1.12346526593285,0.828580542167575,0.175133710917687,320160,921,319239,1,120,3.07549316091541,0.606213675633538,15.602845272259
