Cancer,Gene,Group,N_cases,Count_min,Count_Q1,Count_median,Count_Q3,Count_max,EnrlAge_coef,EnrlAge_se,EnrlAge_p,PrevalentCase_coef,PrevalentCase_se,PrevalentCase_p
colorectal,TET2,pLoF,2937,0,0,0,0,2,0.000407499156984998,0.000140424553508637,0.00373660442583869,-0.00120112948583614,0.00504977697978234,0.81200789681653
colorectal,TET2,missense,2937,0,0,0,1,3,0.000590644604717562,0.000851684325821736,0.488049598961114,0.0449130076233037,0.0306272357299076,0.142635586696761
NHL,TET2,pLoF,2513,0,0,0,0,2,0.000534435889558138,0.000150546050133931,0.00039233626207889,0.00778188524372768,0.00598287899580898,0.193483165681662
NHL,TET2,missense,2513,0,0,0,1,3,0.00114387315649918,0.000845827178215621,0.176378104676063,-0.0569286508267331,0.0336141775498504,0.0904672061965339
leukemias,TET2,pLoF,1893,0,0,0,0,2,0.000984781568174673,0.000256637060916886,0.000128505507342449,-0.0331752819338302,0.0107240339193387,0.00200675195591773
leukemias,TET2,missense,1893,0,0,0,1,3,0.00151285848248076,0.000939692074510123,0.10757548017877,-0.00139500615928111,0.0392666968861678,0.971663710963236
oral,TET2,pLoF,1049,0,0,0,0,2,0.00032611028415593,0.000232947553197852,0.161830779141922,0.00594394931859908,0.00919849580455757,0.518299936471526
oral,TET2,missense,1049,0,0,0,1,3,-0.00277657841180176,0.00153604612399545,0.0709537785771811,0.0179418472607377,0.0606544848109155,0.767438378769937
neck,TET2,pLoF,717,0,0,0,0,1,0.000155716728742616,0.0001924630265942,0.418742406213849,0.002937205136658,0.0059068258989751,0.619161559173829
neck,TET2,missense,717,0,0,0,1,2,-0.00102136000899905,0.00203142716755886,0.615274325067456,0.130314999458526,0.0623459311513285,0.0369536827215419
anus,TET2,pLoF,614,0,0,0,0,1,0.000232278548203479,0.000191976039250398,0.226771693161612,0.00337871499139902,0.0067397647348897,0.616333163060688
anus,TET2,missense,614,0,0,0,1,3,0.000996593235821973,0.00200675211512779,0.619635669025235,-0.131402998373734,0.0704516938156154,0.0626394573828707
bladder,TET2,pLoF,1782,0,0,0,0,2,0.00143623387248858,0.000318734015054113,7.03428722048646e-06,-0.00332591702083121,0.00982029215292849,0.73489227456428
bladder,TET2,missense,1782,0,0,0,1,3,0.00146491749496144,0.00131543647016314,0.265585787818545,0.113172434731375,0.0405289985865673,0.00528812879205735
brain,TET2,pLoF,950,0,0,0,0,1,0.000498353659239426,0.000162202454191969,0.00218403469905887,0.00698257095994794,0.00849598335255412,0.411359289395981
brain,TET2,missense,950,0,0,0,1,2,-0.0021274138629081,0.00121984201937155,0.0814822134807558,-0.0247717152007864,0.0638939622766806,0.698324878202303
breast,TET2,pLoF,10236,0,0,0,0,2,0.000399351821185191,7.45987848137857e-05,8.82191483071662e-08,0.000801001980782412,0.00268505279210261,0.765465841621353
breast,TET2,missense,10236,0,0,0,1,3,0.000140428105188116,0.000493405297511932,0.775948671812797,0.0285212590968198,0.0177592607577947,0.108306172004876
bone,TET2,pLoF,652,0,0,0,0,1,0.000249232766200071,0.000139642790963017,0.0747627016846009,0.00273661844071921,0.0081432960410564,0.736935872168835
bone,TET2,missense,652,0,0,0,1,3,-0.000543774329863931,0.00157199736971093,0.72952019829638,0.0131049893540691,0.0916713270268882,0.88636910311148
prostate,TET2,pLoF,6991,0,0,0,0,2,0.00103723969879683,0.000196221610085849,1.28760947137056e-07,0.00918359205389964,0.00454357201985966,0.0432942867894778
prostate,TET2,missense,6991,0,0,0,1,3,0.00207761929290771,0.000843221254757884,0.0137670573140212,0.0190394601016468,0.0195250487344012,0.329529550118784
cervix,TET2,pLoF,2003,0,0,0,0,1,0.000292543986227551,9.47564191126707e-05,0.00204737852351428,-0.00192991760881796,0.00380048173681829,0.611643518826068
cervix,TET2,missense,2003,0,0,0,1,2,-0.000121993106257103,0.000932971458657649,0.89598021780697,0.0379350796184688,0.0374195333973631,0.310811576794555
endometrium,TET2,pLoF,1186,0,0,0,0,2,0.000564389120846623,0.000340110477523528,0.097294465765601,-0.00820497787078559,0.00971393969096605,0.398471391292399
endometrium,TET2,missense,1186,0,0,0,1,2,-0.000176155211924686,0.00157021323536471,0.91069533014658,0.0729211250485355,0.0448470649341707,0.104216951201321
esophagus,TET2,pLoF,389,0,0,0,0,2,0.00213876543045806,0.000790774086280776,0.00714041746257361,-0.0176610461717599,0.0222310066008055,0.427431526945884
esophagus,TET2,missense,389,0,0,0,1,2,-0.00142796054739031,0.00286825789146952,0.618873679476258,-0.0127014447854067,0.080635242383791,0.874919546548122
eye,TET2,pLoF,277,0,0,0,0,0,0,0,,0,0,
eye,TET2,missense,277,0,0,0,1,2,-0.00109537120810522,0.00252502624402095,0.664770778446093,0.112828310237196,0.117827952950201,0.339124635543543
HL,TET2,pLoF,597,0,0,0,0,1,0.000128391481910232,0.000213875196922623,0.548528415029789,0.00697790807222783,0.0113185918345961,0.537800987466722
HL,TET2,missense,597,0,0,0,1,2,0.00205988231095991,0.00160389603335773,0.199537972398529,0.0145444119882884,0.0848805509377121,0.864005722381621
kidney,TET2,pLoF,1957,0,0,0,0,2,0.000552957565289319,0.000210217863907553,0.00859536384386228,0.00650634557172587,0.00726763141739215,0.370763834146624
kidney,TET2,missense,1957,0,0,0,1,3,0.00164793071072957,0.00108750903901437,0.129851610038742,0.00969581286452385,0.0375972560643779,0.796521905145978
liver,TET2,pLoF,1098,0,0,0,0,1,0.000640482794783845,0.000274200730080923,0.0196805481558206,0.00228145490435884,0.00706882605620507,0.746947130766549
liver,TET2,missense,1098,0,0,0,1,3,0.00010358963391184,0.00166311235085631,0.950345956865463,0.046837724634443,0.0428746193223482,0.274882337363872
lung,TET2,pLoF,2949,0,0,0,0,2,0.000667571600519939,0.000167386519548813,6.81944803478693e-05,0.00174983256540812,0.00442776329938297,0.692727153149277
lung,TET2,missense,2949,0,0,0,1,3,0.000327361563258985,0.00103617100243499,0.752075047969009,0.0313968846729404,0.0274091363440326,0.25209938338376
non_melanoma,TET2,pLoF,15172,0,0,0,0,2,0.00069251306210009,8.04410419809933e-05,8.08897926765391e-18,-0.00276071925673715,0.00237074759504763,0.244242544713145
non_melanoma,TET2,missense,15172,0,0,0,1,3,0.000157345731223126,0.000453320689117646,0.728524124128145,0.0174203489467922,0.0133602065195143,0.192288087659813
melanoma,TET2,pLoF,3582,0,0,0,0,2,0.000586850263575217,0.000130901578727827,7.58575762442494e-06,0.00190035291478074,0.00496121898666905,0.701711719109828
melanoma,TET2,missense,3582,0,0,0,1,3,0.000947385279055407,0.000803722814263124,0.238577579383537,0.0151938452425265,0.0304613964544467,0.617957864125832
myeloma,TET2,pLoF,1265,0,0,0,0,2,0.000757578210209044,0.000347175530694068,0.0292846875688717,-0.00179139392221163,0.0111875977435196,0.872809652708476
myeloma,TET2,missense,1265,0,0,0,1,3,0.00106182712826571,0.00142050875213234,0.454902400776075,0.00843446575776547,0.0457753473530646,0.85384080393564
ovary,TET2,pLoF,1237,0,0,0,0,2,0.00038636043260541,0.000195879565797721,0.0487825229150247,-0.00160008633634316,0.00803331246247785,0.842153670317687
ovary,TET2,missense,1237,0,0,0,1,2,0.00155893406585857,0.00125636054359911,0.214903162121282,0.0557222109104459,0.0515252153595369,0.279705982402472
pancreas,TET2,pLoF,932,0,0,0,0,1,0.000554851536568343,0.000195606933540048,0.00465932035067938,0.000779918511158891,0.00566471053340692,0.890522998297026
pancreas,TET2,missense,932,0,0,0,1,2,1.16546294539765e-06,0.00154678114515542,0.999398974706036,0.0118838323001866,0.0447942579910809,0.790838671174948
stomach,TET2,pLoF,509,0,0,0,0,2,0.0010644122463519,0.00054035302378132,0.049400973517809,0.0159609942111358,0.0177806979222034,0.3697945613983
stomach,TET2,missense,509,0,0,0,1,3,0.0051712220943438,0.00204676743585227,0.0118233144948397,-0.0205997587606926,0.0673503281969604,0.759837179670427
testis,TET2,pLoF,304,0,0,0,0,1,0.000108249412387992,0.000274418591972613,0.693514733463311,-0.0354365325750576,0.0165995435338776,0.0335856784275126
testis,TET2,missense,304,0,0,0,1,3,-0.00101244273212028,0.00203167951138463,0.618616818801719,-0.00295012073903256,0.122896019011285,0.980864514676083
thyroid,TET2,pLoF,2586,0,0,0,0,1,0.000427373463189708,0.000125894043960665,0.000697392316166714,3.03521726337759e-05,0.00550149483072352,0.995598457516676
thyroid,TET2,missense,2586,0,0,0,1,3,0.00113842693806883,0.000809129156912779,0.15955421564116,-0.0208559694993083,0.0353584628319205,0.555346977417741
