Cancer,Gene,Group,N_cases,Count_min,Count_Q1,Count_median,Count_Q3,Count_max,EnrlAge_coef,EnrlAge_se,EnrlAge_p,PrevalentCase_coef,PrevalentCase_se,PrevalentCase_p
colorectal,JAK2,missense,8800,0,0,0,0,1,0.000588466927964093,0.000262852282616019,0.0251955114407694,-0.0011806082994921,0.00357736050665401,0.741391064121935
colorectal,JAK2,pLoF,8800,0,0,0,0,1,3.07788049401394e-05,2.50520101711408e-05,0.219256100348007,0.000398192989149096,0.000340952229543515,0.242884813261214
NHL,JAK2,missense,2555,0,0,0,0,1,0.000213583597221337,0.000441047220015217,0.628239584186334,-0.00148303445297144,0.00629809618532227,0.813860175084901
NHL,JAK2,pLoF,2555,0,0,0,0,0,0,0,,0,0,
leukemias,JAK2,missense,1864,0,0,0,0,2,0.000898798067767321,0.000645910575550764,0.164233829351327,-0.00348019255171457,0.00918211328282625,0.704717222257576
leukemias,JAK2,pLoF,1864,0,0,0,0,0,0,0,,0,0,
oral,JAK2,missense,1110,0,0,0,0,1,-0.000488725613826464,0.000621980119777927,0.432177651580862,0.00510599447374493,0.00883923936909714,0.563617312556283
oral,JAK2,pLoF,1110,0,0,0,0,0,0,0,,0,0,
neck,JAK2,missense,653,0,0,0,0,1,-0.00102857129574816,0.000945053768744917,0.276833715370992,0.0131525994074099,0.012243421870985,0.283105481155788
neck,JAK2,pLoF,653,0,0,0,0,0,0,0,,0,0,
anus,JAK2,missense,343,0,0,0,0,1,0.000926318118060498,0.000981559073415338,0.345982242332943,-0.0181605716522606,0.0145271837019024,0.212119253865115
anus,JAK2,pLoF,343,0,0,0,0,0,0,0,,0,0,
bladder,JAK2,missense,3285,0,0,0,0,1,0.000421247447260975,0.000448973999536206,0.348187743491678,0.000101323836774006,0.00539106395048416,0.98500596407166
bladder,JAK2,pLoF,3285,0,0,0,0,1,1.53125051794613e-05,5.34853171322915e-05,0.774671312158516,-0.00083249929459589,0.000642225976047546,0.194973069522428
brain,JAK2,missense,948,0,0,0,0,1,0.000620915731732584,0.000571490917459132,0.27754197558083,-0.00815836338686906,0.0103640992101105,0.431376601016329
brain,JAK2,pLoF,948,0,0,0,0,0,0,0,,0,0,
breast,JAK2,missense,19950,0,0,0,0,2,-3.90653421934055e-05,0.000148142337672917,0.792012738853968,-0.0013909612531268,0.00217834200501624,0.523128734293452
breast,JAK2,pLoF,19950,0,0,0,0,1,1.53105373046169e-05,2.09290952580843e-05,0.464456021814732,-9.22975470545537e-06,0.0003077494796142,0.976074427128348
bone,JAK2,missense,128,0,0,0,0,1,-0.000959862475489007,0.00140544698836209,0.495896678195209,0.00996407283273913,0.0230480890535792,0.666256167481378
bone,JAK2,pLoF,128,0,0,0,0,0,0,0,,0,0,
prostate,JAK2,missense,14732,0,0,0,0,2,-0.000448653830963177,0.00022761108421907,0.0487262951136233,-0.00191322547477399,0.00284755727979001,0.501668688999819
prostate,JAK2,pLoF,14732,0,0,0,0,1,-5.49920122251529e-05,3.28381317269545e-05,0.0940263351578933,0.000172053962885136,0.00041082560357119,0.675368055540471
cervix,JAK2,missense,6262,0,0,0,0,1,0.000305435950025851,0.000242938782382129,0.208708296713144,-0.000117360465086539,0.00718414554462205,0.986966828944496
cervix,JAK2,pLoF,6262,0,0,0,0,1,-3.41770852554654e-05,2.06898086181537e-05,0.0986091365664115,-0.000304007928833327,0.000611835602968454,0.619292217317998
endometrium,JAK2,missense,2315,0,0,0,0,2,0.000427263978991548,0.000566764098923117,0.451006672516285,-0.00274738983345755,0.00755723215418778,0.716231449916073
endometrium,JAK2,pLoF,2315,0,0,0,0,0,0,0,,0,0,
esophagus,JAK2,missense,1280,0,0,0,0,1,0.000470338738968445,0.000673930216730567,0.485364151515186,-0.00131802182777097,0.0096751216711137,0.891662565370767
esophagus,JAK2,pLoF,1280,0,0,0,0,1,-6.62409446812346e-05,0.00012872430272784,0.606924770493635,0.000952816173952868,0.00184800037155633,0.606227902827649
eye,JAK2,missense,531,0,0,0,0,2,-0.000345574173731649,0.00132339774439935,0.794096803094576,-0.0140586941039316,0.0191433055638737,0.463035754573302
eye,JAK2,pLoF,531,0,0,0,0,0,0,0,,0,0,
HL,JAK2,missense,523,0,0,0,0,1,0.00121452134385953,0.00087924970591986,0.167775192429836,-0.00150647869229704,0.0163605637245932,0.926670038382358
HL,JAK2,pLoF,523,0,0,0,0,0,0,0,,0,0,
kidney,JAK2,missense,2076,0,0,0,0,1,-0.000135504615949214,0.000556321861606713,0.807586155645975,-0.00165342560067159,0.00770427382540076,0.83009135215692
kidney,JAK2,pLoF,2076,0,0,0,0,1,-2.46502723114405e-07,7.40659548591512e-05,0.997344844386098,0.000721754812536934,0.00102570910250885,0.481720923297728
liver,JAK2,missense,716,0,0,0,0,1,-0.00055423941649631,0.000844058568530434,0.511626732155246,-0.00646687108883956,0.0146533523484407,0.65911249737282
liver,JAK2,pLoF,716,0,0,0,0,1,-0.000691347978010104,0.000218639443899301,0.00163303693771369,0.0015555556506157,0.00379570912277052,0.682061451514381
lung,JAK2,missense,4782,0,0,0,0,1,-9.02318407615285e-05,0.000406379672891483,0.824293576849629,0.00114909355159505,0.00576799024488213,0.842099871509362
lung,JAK2,pLoF,4782,0,0,0,0,1,2.26629526789597e-06,3.59976587924873e-05,0.949803584804284,0.000267355147764904,0.000510936345010316,0.600814058014892
non_melanoma,JAK2,missense,35991,0,0,0,0,2,0.000146613726357901,0.00012612413474674,0.245058095255829,-0.00211754774485142,0.00173163834523722,0.221391354938046
non_melanoma,JAK2,pLoF,35991,0,0,0,0,1,6.95814655989974e-06,1.19673860997036e-05,0.56095718161292,0.000234200396788614,0.000164307844046806,0.154057321336351
melanoma,JAK2,missense,6932,0,0,0,0,2,0.000498933646668081,0.000246337420407043,0.0428638009755826,-0.00254249496186639,0.00368374013097644,0.490095376352818
melanoma,JAK2,pLoF,6932,0,0,0,0,1,-1.70436063944649e-05,2.74191584652319e-05,0.534228789108754,0.000518943288530435,0.000410027247297949,0.205687695005328
myeloma,JAK2,missense,1168,0,0,0,0,1,0.000165729042344867,0.00063503444352771,0.794156783542226,0.00378496972182651,0.00985609512938907,0.70103128987972
myeloma,JAK2,pLoF,1168,0,0,0,0,0,0,0,,0,0,
ovary,JAK2,missense,1706,0,0,0,0,2,-1.72597364798054e-05,0.0005403469469066,0.974522085454727,-0.00627789573901836,0.00829614243685495,0.449319497812289
ovary,JAK2,pLoF,1706,0,0,0,0,0,0,0,,0,0,
pancreas,JAK2,missense,1481,0,0,0,0,1,0.000773306579465203,0.000650278806459515,0.234554998788104,0.00713671909107798,0.0110174463766021,0.51723738893035
pancreas,JAK2,pLoF,1481,0,0,0,0,0,0,0,,0,0,
stomach,JAK2,missense,921,0,0,0,0,1,-0.000617146583350908,0.000766988710782994,0.421238202786387,-0.00153185819458294,0.0114350234489845,0.893462014021556
stomach,JAK2,pLoF,921,0,0,0,0,0,0,0,,0,0,
testis,JAK2,missense,746,0,0,0,0,1,0.000194504903894879,0.000612126519146102,0.750761750189037,-0.00810869627292144,0.0153953273326722,0.598560156581706
testis,JAK2,pLoF,746,0,0,0,0,0,0,0,,0,0,
thyroid,JAK2,missense,880,0,0,0,0,1,0.00102647024569521,0.000642197554442918,0.110320528121968,0.00334690299160522,0.00989372945254564,0.735229184724977
thyroid,JAK2,pLoF,880,0,0,0,0,0,0,0,,0,0,
