Cancer,Gene,Group,N_cases,Count_min,Count_Q1,Count_median,Count_Q3,Count_max,EnrlAge_coef,EnrlAge_se,EnrlAge_p,PrevalentCase_coef,PrevalentCase_se,PrevalentCase_p
colorectal,ASXL1,pLoF,2937,0,0,0,0,1,0.000204413444878983,0.000118867743272945,0.0855976721855106,0.00219697444934281,0.00427457719195435,0.607316575746906
colorectal,ASXL1,missense,2937,0,0,0,0,2,4.90241670432029e-05,0.000302144419681526,0.871116941435609,0.0114788906885651,0.0108653500898162,0.29084160013279
NHL,ASXL1,pLoF,2513,0,0,0,0,1,0.000218375326452908,0.00010124091987038,0.0311013530728079,0.00225087089174694,0.00402343450704961,0.575911266105755
NHL,ASXL1,missense,2513,0,0,0,0,2,-0.000264764345736809,0.000299532490153213,0.376821196624348,0.00322424186949368,0.011903777231656,0.786521966026096
leukemias,ASXL1,pLoF,1893,0,0,0,0,1,0.000750899440771161,0.000200081952481691,0.000180034611345981,-0.0154147999048112,0.00836077859290972,0.0653827621465535
leukemias,ASXL1,missense,1893,0,0,0,0,2,-0.000181495334932656,0.000353458042843714,0.607672254595136,0.0077561357251802,0.014769870052972,0.599552822768523
oral,ASXL1,pLoF,1049,0,0,0,0,1,0.000583324682292507,0.000232012040364316,0.0120794653711561,-0.0126704433773281,0.00916155482468353,0.166959568673243
oral,ASXL1,missense,1049,0,0,0,0,2,8.24667546384365e-05,0.000564596770630326,0.883899718853269,-0.0239188137764157,0.0222944648038385,0.283581902669813
neck,ASXL1,pLoF,717,0,0,0,0,2,0.000793982588358904,0.000406246889806397,0.0510398937844168,0.00986003770122484,0.0124680032967892,0.429307361123041
neck,ASXL1,missense,717,0,0,0,0,2,-2.51921428501948e-05,0.000925820018750469,0.978299343373761,-0.0839922671654863,0.0284140687243546,0.00321917919453278
anus,ASXL1,pLoF,614,0,0,0,0,1,-1.92205362281295e-05,0.000192204314021991,0.920376694548999,0.00379856490261576,0.00674777885092967,0.573685240423324
anus,ASXL1,missense,614,0,0,0,0,2,-0.000728962948007586,0.000717431059846722,0.309996385746148,0.0102700848342445,0.0251870836368422,0.683598556485092
bladder,ASXL1,pLoF,1782,0,0,0,0,1,0.000779309428048715,0.000253906701729227,0.00217820989353409,0.00860857699796479,0.00782294287023039,0.271295027096141
bladder,ASXL1,missense,1782,0,0,0,0,1,0.000199246050150502,0.000431811832979765,0.644554655422348,0.0229667869727445,0.0133042541889761,0.0844717634485685
brain,ASXL1,pLoF,950,0,0,0,0,1,0.000212838006185648,0.000162862079051552,0.19157737202477,0.00700731537127305,0.00853053376582543,0.411602852857056
brain,ASXL1,missense,950,0,0,0,0,1,-0.000134106361581436,0.000391755893525527,0.732185115119699,-0.0505348256669556,0.0205197360683501,0.0139649291708336
breast,ASXL1,pLoF,10236,0,0,0,0,2,0.000305766821556047,6.74004677629923e-05,5.78279737503625e-06,0.00145087394049756,0.00242596195913638,0.549812273316198
breast,ASXL1,missense,10236,0,0,0,0,2,-8.94438981623822e-05,0.000182612468429077,0.624284724872672,-0.00608179129481873,0.00657281642659726,0.354834526549711
bone,ASXL1,pLoF,652,0,0,0,0,1,0.000438493156168131,0.000196887626747993,0.026281233383855,0.00561415841700695,0.0114815395794728,0.625026283029284
bone,ASXL1,missense,652,0,0,0,0,1,0.000965427063042793,0.000611992783217554,0.115164620106258,-0.0641290006113058,0.0356884761065143,0.0728146532638083
prostate,ASXL1,pLoF,6991,0,0,0,0,2,0.000565509539826339,0.000150920137665759,0.000180347819365428,0.00373607729364607,0.00349460242646821,0.285061817918485
prostate,ASXL1,missense,6991,0,0,0,0,2,-0.000231088824176615,0.000318737431782892,0.468468249015754,-0.0202939502399751,0.00738046373229261,0.00598059679359874
cervix,ASXL1,pLoF,2003,0,0,0,0,1,7.13536658450878e-05,7.18293155809047e-05,0.320645918235245,-0.00219048519758641,0.00288092357847324,0.447140219755524
cervix,ASXL1,missense,2003,0,0,0,0,2,-0.000470182931069508,0.000392627044285506,0.231241684935646,0.006146432975046,0.0157474493565838,0.696346734607488
endometrium,ASXL1,pLoF,1186,0,0,0,0,1,0.000421099137206316,0.000170399311470372,0.0136042253890596,-0.00254489344213035,0.00486679695097257,0.601135283041772
endometrium,ASXL1,missense,1186,0,0,0,0,2,0.000626500783829065,0.000545282161735819,0.250809718910199,-0.0156337549114514,0.0155738749133211,0.31565865961938
esophagus,ASXL1,pLoF,389,0,0,0,0,1,0.000736135195393017,0.000338907916417377,0.0304577441358069,-0.012907341109051,0.00952770741688768,0.176300313089757
esophagus,ASXL1,missense,389,0,0,0,0,2,-0.000269700500452613,0.00110604292300191,0.807482190179582,-0.0441391742060875,0.0310941493261062,0.15655071128742
eye,ASXL1,pLoF,277,0,0,0,0,1,0.000717798084329401,0.000465398941583873,0.124147869866862,0.01150759169172,0.0217173998574736,0.596625002222136
eye,ASXL1,missense,277,0,0,0,0,1,0.000249716577124686,0.000984729145957064,0.800003194309506,-0.0764873788914602,0.0459514509020516,0.0971504641345917
HL,ASXL1,pLoF,597,0,0,0,0,1,0.000382799649724522,0.000213247774937447,0.0731470794399234,-0.0129970447801342,0.0112853877349135,0.249919948553119
HL,ASXL1,missense,597,0,0,0,0,1,0.000122154195208426,0.000563829787616403,0.828554849996138,0.0151882963565207,0.0298387065075428,0.610931970080757
kidney,ASXL1,pLoF,1957,0,0,0,0,2,0.000606957807501168,0.00018889205130583,0.00133378622362908,-0.00739139965871177,0.00653035751124182,0.257835449496946
kidney,ASXL1,missense,1957,0,0,0,0,2,-0.000185569709921245,0.000438402233887485,0.672132887746724,0.0173642144253477,0.015156399124371,0.252072486378132
liver,ASXL1,pLoF,1098,0,0,0,0,1,0.000380501634253041,0.000234422719682213,0.104846636698433,0.00405194254083135,0.00604335892383304,0.502694155753959
liver,ASXL1,missense,1098,0,0,0,0,2,-0.000561334298457885,0.00063387559511068,0.37604958602584,-0.0220199666407119,0.0163411538758066,0.178092840829623
lung,ASXL1,pLoF,2949,0,0,0,0,1,0.000372529026311998,0.000164586535649158,0.0236820599201277,-0.00363834767939419,0.00435369720383851,0.403396258191687
lung,ASXL1,missense,2949,0,0,0,0,2,5.68989544550861e-05,0.000388231963630689,0.883490010841678,0.000462386771228203,0.0102696396630079,0.964090724986786
non_melanoma,ASXL1,pLoF,15172,0,0,0,0,1,0.000509932726171721,7.56658886981635e-05,1.64923909351617e-11,-0.000529035901465892,0.00223001491826396,0.812478275933823
non_melanoma,ASXL1,missense,15172,0,0,0,0,2,2.86324055495526e-05,0.000147699581928464,0.84629146917078,-0.00105811642106925,0.00435298225909583,0.807947868956173
melanoma,ASXL1,pLoF,3582,0,0,0,0,2,0.000350669773397967,0.000121193311852899,0.00383306722987895,-0.00100384468811874,0.00459327202670392,0.82701559534788
melanoma,ASXL1,missense,3582,0,0,0,0,2,-8.66334161147715e-05,0.000255090890518833,0.734164272375017,0.000663776223770369,0.00966804053601012,0.94526668228322
myeloma,ASXL1,pLoF,1265,0,0,0,0,1,0.000464329593552365,0.000246230680444156,0.0595581055820016,-0.0049131774811873,0.00793468882848717,0.535894864845334
myeloma,ASXL1,missense,1265,0,0,0,0,2,-0.000595637665788053,0.000571163604301266,0.297217737401658,0.00832907030204781,0.0184055271346073,0.650964323074971
ovary,ASXL1,pLoF,1237,0,0,0,0,1,0.000351785195578704,0.000163737196902145,0.0318702074692072,0.00557218297326614,0.00671510608617294,0.406813380201565
ovary,ASXL1,missense,1237,0,0,0,0,1,-0.000587594145298967,0.000422160998045837,0.164211921262164,0.00513335794918668,0.0173134507061132,0.766901696312138
pancreas,ASXL1,pLoF,932,0,0,0,0,1,6.74860804082562e-05,0.000196439707898467,0.731265457172558,0.000909670810378937,0.00568882739672414,0.872990826813282
pancreas,ASXL1,missense,932,0,0,0,0,2,0.000765562232901404,0.000553052626581717,0.16661481722072,-0.0151044042658396,0.0160162167190479,0.34589057643142
stomach,ASXL1,pLoF,509,0,0,0,0,1,0.000583262881458034,0.000349311212539585,0.0955870300105997,0.0102168949682665,0.0114943321822115,0.37449867470856
stomach,ASXL1,missense,509,0,0,0,0,1,0.00150400768279823,0.000792409357498808,0.0582624516094785,0.0330180335054314,0.0260747896214523,0.205994815918158
testis,ASXL1,pLoF,304,0,0,0,0,1,0.000206526097267872,0.000195451681209852,0.291513819948586,0.00250559701896106,0.011822845776194,0.832306309681555
testis,ASXL1,missense,304,0,0,0,0,1,-0.000134267090548858,0.000716803628994941,0.851540934768569,0.00901067570274975,0.0433593546239406,0.835514830127447
thyroid,ASXL1,pLoF,2586,0,0,0,0,1,0.000142873465928864,8.52148682837603e-05,0.0937366415828115,-0.00351822621191335,0.00372383905238894,0.344857162952432
thyroid,ASXL1,missense,2586,0,0,0,0,2,-0.000219061991563668,0.000285715911382893,0.443322472754494,0.00985034452811133,0.0124856153641357,0.430222142198041
