Cancer,Gene,Group,log_OR,log_OR_SE,P,N,N_cases,N_controls,N_carrier_cases,N_carrier_controls,OR,CI_lower,CI_upper
colorectal,BRCA2,missense,0.114437414594892,0.0840589904103735,0.173389175877883,249549,2937,246612,155,13215,1.12124246545408,0.950929664026387,1.3220585221986
colorectal,BRCA2,pLoF,0.434531163229673,0.258504426774656,0.09277401928481,249549,2937,246612,15,924,1.54423889323153,0.930411606519186,2.56303096678939
NHL,BRCA2,missense,-0.0156178782405437,0.0986048666963203,0.874150664584368,249125,2513,246612,110,13215,0.984503448377185,0.811492717925263,1.19440016953527
NHL,BRCA2,pLoF,0.687234286332181,0.24410416205862,0.00487268491334785,249125,2513,246612,17,924,1.98820910505487,1.23219720367637,3.20807045627844
leukemias,BRCA2,missense,-0.116843513969173,0.119255741043758,0.327198353201088,248505,1893,246612,74,13215,0.889724411711967,0.704279157159978,1.12399965375717
leukemias,BRCA2,pLoF,0.546773326758014,0.299006805213969,0.06745479838797,248505,1893,246612,11,924,1.72766938984907,0.96149179974718,3.10438583189821
oral,BRCA2,missense,0.245823004648818,0.135408035293387,0.069458767007081,247661,1049,246612,58,13215,1.27867323429368,0.9806184178232,1.66732055036095
oral,BRCA2,pLoF,-0.0139827146899824,0.533911355996701,0.979106424993431,247661,1049,246612,3,924,0.986114589411937,0.346306955225985,2.80797705265986
neck,BRCA2,missense,-0.234766450293647,0.197010378578114,0.233400437044153,247329,717,246612,26,13215,0.790755508781224,0.537460668314093,1.16342331919706
neck,BRCA2,pLoF,0.376076576801615,0.532784697937549,0.480269169821119,247329,717,246612,3,924,1.45655866810473,0.512649838615757,4.13842547841155
anus,BRCA2,missense,-0.0318545401210612,0.182183067721296,0.861198229218913,247226,614,246612,31,13215,0.968647471175985,0.67778388777484,1.38433199776405
anus,BRCA2,pLoF,0.678783602644752,0.468967931258139,0.147785272580434,247226,614,246612,4,924,1.97147817228244,0.7863316314874,4.94285874833
bladder,BRCA2,missense,-0.16933169943638,0.133618514867086,0.205056184576726,248394,1782,246612,59,13215,0.844228826711968,0.649716492747711,1.09697432619772
bladder,BRCA2,pLoF,0.773070064738782,0.293512000636709,0.00844198256878421,248394,1782,246612,12,924,2.16640706464834,1.21871510906488,3.85103912706834
brain,BRCA2,missense,0.136053240639626,0.143675104085987,0.343663900228936,247562,950,246612,51,13215,1.14574289205547,0.864551166959472,1.51839107373175
brain,BRCA2,pLoF,-0.33891205874746,0.629193591769608,0.590131746963903,247562,950,246612,2,924,0.712545108443308,0.207606911071517,2.44558588606708
breast,BRCA2,missense,0.0738885671281225,0.0499908455166524,0.13939654839192,161421,10236,151185,480,8043,1.07668682050669,0.976196198575139,1.18752204848252
breast,BRCA2,pLoF,1.61978155072879,0.0966661095573585,5.08005695394676e-63,161421,10236,151185,163,552,5.05198659322504,4.18003432184546,6.10582750594678
bone,BRCA2,missense,-0.085522877840585,0.19366789641884,0.658781917426618,247264,652,246612,27,13215,0.918032140220954,0.628069167163653,1.34186337196691
bone,BRCA2,pLoF,1.0475256257943,0.391896152336273,0.00751835641585516,247264,652,246612,6,924,2.85058896066099,1.32236695894054,6.14493380048802
prostate,BRCA2,missense,0.088371487677842,0.0622540742583182,0.15574473648152,102418,6991,95427,333,5172,1.09239385751808,0.966915418052445,1.23415587099317
prostate,BRCA2,pLoF,0.758162650354969,0.172274078721784,1.07798021555309e-05,102418,6991,95427,45,372,2.1343510664865,1.52274048262296,2.99161579205222
cervix,BRCA2,missense,0.0335238714047755,0.0965654729929298,0.728469549699543,153188,2003,151185,117,8043,1.03409212866342,0.855780827888228,1.24955654031469
cervix,BRCA2,pLoF,0.693345349115497,0.266630945267424,0.00931169455273763,153188,2003,151185,14,552,2.00039637638447,1.18620400794525,3.37343798861691
endometrium,BRCA2,missense,-0.0165238486206289,0.1423113618759,0.907564938137551,152371,1186,151185,52,8043,0.983611921323394,0.744197373411295,1.30004814090468
endometrium,BRCA2,pLoF,1.11208854036173,0.301498044141299,0.000225541794694267,152371,1186,151185,11,552,3.04070239696103,1.68398537724379,5.4904699243989
esophagus,BRCA2,missense,0.162874988258591,0.233732420881549,0.485900552130996,247001,389,246612,18,13215,1.17688955547913,0.744358772938817,1.86075462015104
esophagus,BRCA2,pLoF,0.13039336059795,0.803229305615848,0.871040945156789,247001,389,246612,1,924,1.13927644165692,0.236003852547435,5.49970179090008
eye,BRCA2,missense,0.247769441600804,0.261915873997093,0.344154380090696,246889,277,246612,14,13215,1.2811645149002,0.766763983788105,2.14066198849144
eye,BRCA2,pLoF,1.33399615986595,0.525788019483768,0.0111763255115747,246889,277,246612,3,924,3.79618327195703,1.35455173697175,10.6389494331931
HL,BRCA2,missense,0.0924782596659024,0.187486204901113,0.621833356005504,247209,597,246612,29,13215,1.09688929456135,0.75958127647484,1.58398602201874
HL,BRCA2,pLoF,0.118104992426381,0.626648788301537,0.850507611079022,247209,597,246612,2,924,1.1253622596791,0.329524667767563,3.84323341888126
kidney,BRCA2,missense,0.0441252268254631,0.106290474704117,0.67804080201672,248569,1957,246612,95,13215,1.04511322290533,0.848572056672766,1.28717607432692
kidney,BRCA2,pLoF,0.435929314707236,0.312522424262123,0.163053924988249,248569,1957,246612,10,924,1.54639948318586,0.83811212963217,2.85325945902611
liver,BRCA2,missense,-0.0765202400406295,0.142038593098102,0.590074196542277,247710,1098,246612,52,13215,0.926334165057943,0.701236013860805,1.22368926922217
liver,BRCA2,pLoF,0.703134766065529,0.367005200595929,0.0553814671648413,247710,1098,246612,7,924,2.02007525579969,0.98394801929849,4.14727603395504
lung,BRCA2,missense,0.1962145423817,0.0836542388113723,0.018999430694801,249561,2949,246612,158,13215,1.2167879299134,1.0327810861009,1.43357860277304
lung,BRCA2,pLoF,0.545501516729829,0.245287239231158,0.0261531908164547,249561,2949,246612,17,924,1.72547351925478,1.06688945348341,2.79059733501787
non_melanoma,BRCA2,missense,0.0175642538966432,0.0503766484908532,0.727345596292729,261784,15172,246612,496,13215,1.01771941248789,0.92203493765599,1.12333357474262
non_melanoma,BRCA2,pLoF,0.448940703927084,0.135399162280573,0.000914194560671323,261784,15172,246612,71,924,1.56665175814832,1.20149092405452,2.04279340124074
melanoma,BRCA2,missense,-0.148743636873217,0.103460304377116,0.150522602741358,250194,3582,246612,99,13215,0.861790017765658,0.703616294746268,1.05552136905578
melanoma,BRCA2,pLoF,0.653729515145723,0.224946048416107,0.00365892704196062,250194,3582,246612,21,924,1.92269820602477,1.23719084470039,2.98803406708535
myeloma,BRCA2,missense,-0.137407477408441,0.135909803205933,0.312007040038739,247877,1265,246612,57,13215,0.871614990344321,0.667787148068647,1.13765695190473
myeloma,BRCA2,pLoF,0.138097852951151,0.428568395037222,0.747278000996326,247877,1265,246612,5,924,1.14808788856585,0.49565222065045,2.65933601213735
ovary,BRCA2,missense,-0.482006469053354,0.172871252341158,0.00529953350497278,152422,1237,151185,34,8043,0.617543066832711,0.440067173091813,0.866593699125077
ovary,BRCA2,pLoF,2.08840032504168,0.185635143433121,2.3152189834656e-29,152422,1237,151185,32,552,8.07199226694995,5.61006401110038,11.6143165262957
pancreas,BRCA2,missense,0.0780151626433238,0.152434123293689,0.608793844862328,247544,932,246612,45,13215,1.08113905147162,0.801916950855151,1.45758441366093
pancreas,BRCA2,pLoF,1.61037495118394,0.259320909780685,5.29948721365619e-10,247544,932,246612,15,924,5.00468738953902,3.01052748494662,8.31976987164259
stomach,BRCA2,missense,-0.0204483912805714,0.201742853125268,0.919265728254348,247121,509,246612,25,13215,0.979759259290486,0.659774533955452,1.45493370350402
stomach,BRCA2,pLoF,1.55979006349842,0.344988630876352,6.14669323566618e-06,247121,509,246612,8,924,4.7578222997152,2.41965452546404,9.35541532786626
testis,BRCA2,missense,0.00200004315292165,0.271638936499979,0.99412532991499,95731,304,95427,13,5172,1.00200204457332,0.588368110213236,1.7064284754747
thyroid,BRCA2,missense,0.0382755050824479,0.094961390221743,0.68690124169315,249198,2586,246612,119,13215,1.03901744803751,0.862564457380675,1.25156705459976
thyroid,BRCA2,pLoF,0.481126432167931,0.266127546667672,0.0706253177269114,249198,2586,246612,14,924,1.61789582604791,0.960334157271847,2.7257042604622
