Cancer,Gene,Group,log_OR,log_OR_SE,P,N,N_cases,N_controls,N_carrier_cases,N_carrier_controls,OR,CI_lower,CI_upper
colorectal,PALB2,pLoF,0.864779961717796,0.653483363345551,0.185722697557254,249549,2937,246612,2,98,2.37448355120867,0.659664507655145,8.54702969393041
colorectal,PALB2,missense,0.0832899741001155,0.0928815421625143,0.369861233861992,249549,2937,246612,125,8662,1.08685692321675,0.905965092104932,1.30386698321855
NHL,PALB2,pLoF,0.558416048903983,0.832929311435084,0.502587349579035,249125,2513,246612,1,98,1.74790171564349,0.341606631849607,8.94350437814241
NHL,PALB2,missense,-0.0935000778188631,0.105171168449827,0.373988214434392,249125,2513,246612,96,8662,0.910737946553605,0.741091054852705,1.11921956399478
leukemias,PALB2,missense,0.0874527259424543,0.110766786312046,0.429807444589656,248505,1893,246612,87,8662,1.09139066875811,0.87840616842269,1.35601687997153
oral,PALB2,pLoF,1.90015757245812,0.655831885963553,0.00376360645229539,247661,1049,246612,2,98,6.68694803810791,1.84919553034964,24.1809334548307
oral,PALB2,missense,-0.350564322389683,0.181276018202904,0.0531290666311662,247661,1049,246612,31,8662,0.704290530638238,0.493684421240708,1.00474134934236
neck,PALB2,pLoF,1.70371558517694,0.84478303932427,0.043721684502696,247329,717,246612,1,98,5.49432414184788,1.04914049561749,28.7736465247441
neck,PALB2,missense,-0.0809802854047064,0.198307012025052,0.683010750298314,247329,717,246612,26,8662,0.922211872299231,0.625218002004921,1.36028510804614
anus,PALB2,missense,-0.114806266064615,0.224235032209164,0.608657471665373,247226,614,246612,20,8662,0.89153884850659,0.574474911228902,1.38359657290542
bladder,PALB2,missense,-0.194435060677856,0.127164697089666,0.126263978331189,248394,1782,246612,66,8662,0.823299641041197,0.641675030108135,1.05633267173313
brain,PALB2,pLoF,1.47113382466689,0.824180016456203,0.0742667301299863,247562,950,246612,1,98,4.35416920780247,0.86568920166794,21.9002263787592
brain,PALB2,missense,-0.134762162942013,0.176051171497779,0.44399080190083,247562,950,246612,33,8662,0.873923738423457,0.618897185077813,1.23403809064668
breast,PALB2,pLoF,1.30043131895348,0.314502498166264,3.55134113384866e-05,161421,10236,151185,14,64,3.67087964617773,1.98182423133348,6.79947149887001
breast,PALB2,missense,-0.0647700087773229,0.0548901190878788,0.238002618707484,161421,10236,151185,398,5368,0.937283005454479,0.8416822886871,1.04374232904926
bone,PALB2,pLoF,1.83113431579373,0.824344090016817,0.0263291061993372,247264,652,246612,1,98,6.2409618666193,1.24041944993231,31.4003501176329
bone,PALB2,missense,-0.353582540242992,0.229169916290751,0.122858983802955,247264,652,246612,19,8662,0.702168033076032,0.448096206704872,1.10029930915839
prostate,PALB2,missense,0.0341014717933441,0.0665030295595006,0.608104713418667,102418,6991,95427,297,3294,1.03468959321002,0.908244129885458,1.17873875433925
cervix,PALB2,pLoF,1.41039177886499,0.553223180095964,0.0107905878055311,153188,2003,151185,3,64,4.097560427217,1.38554597877894,12.1179677266947
cervix,PALB2,missense,0.154266672944872,0.1138567075776,0.175443207114625,153188,2003,151185,82,5368,1.16680199981926,0.933430870065441,1.4585192652636
endometrium,PALB2,pLoF,1.97196332000363,0.566056387075414,0.000494557353392821,152371,1186,151185,3,64,7.18476865012066,2.36910723033236,21.7891785964094
endometrium,PALB2,missense,-0.140654749517868,0.159237978103696,0.377074734816227,152371,1186,151185,41,5368,0.868789209818264,0.635873616507358,1.18701998557902
esophagus,PALB2,missense,-0.14048055289635,0.265954274436077,0.597351382923298,247001,389,246612,14,8662,0.868940563145662,0.515952097389962,1.46342597713915
eye,PALB2,missense,0.0220238933178518,0.285505539288712,0.938512183484562,246889,277,246612,12,8662,1.0222682095579,0.584173833072643,1.78890637188599
HL,PALB2,missense,0.0919699333348984,0.194906961802115,0.637022566419628,247209,597,246612,27,8662,1.09633185854244,0.748233119757174,1.60637575685661
kidney,PALB2,missense,-0.0888144503802814,0.120251597754724,0.460166995836474,248569,1957,246612,73,8662,0.915015338572158,0.722886357497001,1.15820842534823
liver,PALB2,pLoF,1.78251837876586,0.651936033718804,0.00625335421628387,247710,1098,246612,2,98,5.94480886313712,1.65656674122476,21.3337329186659
liver,PALB2,missense,-0.0102683969313995,0.159237442446025,0.948584198248926,247710,1098,246612,41,8662,0.989784143068734,0.724431514879516,1.35233300836345
lung,PALB2,pLoF,0.878135332921396,0.658212230799456,0.182163919135191,249561,2949,246612,2,98,2.40640836982993,0.662366047757619,8.7425997482688
lung,PALB2,missense,-0.0911886515301974,0.0992707818116027,0.358312678512174,249561,2949,246612,109,8662,0.912845484956862,0.751446090218798,1.10891105862764
non_melanoma,PALB2,pLoF,0.855434941881771,0.356857511273957,0.016523921508219,261784,15172,246612,11,98,2.35239731421495,1.1688344692593,4.73443697073078
non_melanoma,PALB2,missense,0.0124996590516168,0.0425933230958672,0.769166578055971,261784,15172,246612,716,8662,1.01257810630371,0.931478919222026,1.10073819193026
melanoma,PALB2,pLoF,0.694974052640611,0.66793089850737,0.298113258624006,250194,3582,246612,2,98,2.00365708365623,0.541102554938538,7.4193730416627
melanoma,PALB2,missense,0.016877897047509,0.0807813493694028,0.834500471034485,250194,3582,246612,168,8662,1.01702113346034,0.868098025287697,1.19149215385229
myeloma,PALB2,missense,-0.00625054036275924,0.149324872716739,0.966611365168087,247877,1265,246612,47,8662,0.993768953627516,0.741617317931861,1.33165273964741
ovary,PALB2,pLoF,1.14600376593749,0.83769051221914,0.171295954835338,152422,1237,151185,1,64,3.14559721604073,0.609059406626512,16.2460044749475
ovary,PALB2,missense,0.107108709803401,0.137529052828334,0.436092896315889,152422,1237,151185,56,5368,1.1130552479198,0.85006430402251,1.45740972660463
pancreas,PALB2,pLoF,2.04685082886246,0.654143431533789,0.00175369430527228,247544,932,246612,2,98,7.74347713416257,2.14846420220583,27.90897705707
pancreas,PALB2,missense,0.143120949310422,0.154457424715038,0.354131902462524,247544,932,246612,44,8662,1.15386935292908,0.852476155523659,1.56182020459107
stomach,PALB2,missense,0.155341648455068,0.215671390520951,0.471358726356151,247121,509,246612,22,8662,1.16805695779801,0.765392496459974,1.78255870415589
testis,PALB2,missense,-0.226953751093378,0.310336445403185,0.46458666510431,95731,304,95427,10,3294,0.796957639857289,0.433786844527152,1.46417874986328
thyroid,PALB2,pLoF,0.484749714112118,0.829561356518115,0.558988479101819,249198,2586,246612,1,98,1.62376855162744,0.319448033569031,8.25368771188416
thyroid,PALB2,missense,0.0769389424814181,0.0956049808917705,0.420958924450207,249198,2586,246612,117,8662,1.07997613371662,0.895437031256011,1.30254658751547
