Cancer,Gene,Group,log_OR,log_OR_SE,P,N,N_cases,N_controls,N_carrier_cases,N_carrier_controls,OR,CI_lower,CI_upper
colorectal,NF1,pLoF,1.11680882704988,0.442975112986321,0.0116970385416475,249549,2937,246612,5,161,3.05508931247791,1.28222078075573,7.27922277294212
colorectal,NF1,missense,0.163006840662155,0.109916664732814,0.138073378972651,249549,2937,246612,87,6202,1.17704474142635,0.948924668387634,1.46000453932078
colorectal,BRCA1,pLoF,0.0198579468339495,0.346773355138879,0.954334167951235,249549,2937,246612,8,805,1.02005642748928,0.516951954546704,2.01278882130272
colorectal,BRCA1,missense,0.232239191801732,0.141534871785078,0.100826066113907,249549,2937,246612,52,4003,1.26142141440739,0.955840654273542,1.66469586495551
colorectal,HOXB13,missense,0.0537696774164174,0.266081170192879,0.839854199032425,249549,2937,246612,14,1171,1.05524152820836,0.626416475275589,1.77762674962473
colorectal,PPM1D,pLoF,0.559950525167829,0.319959309157326,0.0801065931616865,249549,2937,246612,10,229,1.75058588821054,0.935047267683691,3.27742891500386
colorectal,PPM1D,missense,0.0836085358050206,0.275817708258506,0.761791030251364,249549,2937,246612,13,1112,1.08720320936502,0.633190319899348,1.86675440433374
colorectal,TP53,missense,0.547761549933806,0.28992860261996,0.0588518997597439,249549,2937,246612,12,522,1.72937755666623,0.979720385165233,3.05265336802852
colorectal,SRSF2,missense,0.0404335424626237,0.332285572926395,0.903149988804363,249549,2937,246612,9,425,1.04126210768761,0.542897787695349,1.99711032441056
colorectal,SRSF2,pLoF,0.699981935328546,0.655314687774355,0.285447657490243,249549,2937,246612,2,79,2.013716330018,0.55743395376471,7.27450028903834
NHL,NF1,pLoF,-0.137570437690775,0.828376256472428,0.868099969684457,249125,2513,246612,1,161,0.871472963292107,0.171845739833125,4.41945855909272
NHL,NF1,missense,0.0736346462093012,0.122875639821138,0.548998484820641,249125,2513,246612,69,6202,1.07641346190714,0.846032772101606,1.36952843812032
NHL,BRCA1,pLoF,-0.203428609498694,0.428884692120765,0.635271694435925,249125,2513,246612,5,805,0.815928451784694,0.35203412587457,1.89112131324726
NHL,BRCA1,missense,-0.212520204629486,0.196389912595579,0.279192983314765,249125,2513,246612,26,4003,0.808543979824881,0.550219846208306,1.18814937668308
NHL,HOXB13,missense,0.526730517098546,0.230536981860758,0.0223246541262873,249125,2513,246612,19,1171,1.69338674898095,1.07776164073477,2.66066129396597
NHL,HOXB13,pLoF,0.674230514667695,0.844162423310599,0.424465769715756,249125,2513,246612,1,62,1.96252226271306,0.375199485873897,10.2651889905277
NHL,PPM1D,pLoF,1.08283428033919,0.276076079953035,8.77326582851637e-05,249125,2513,246612,14,229,2.95303743712339,1.71898690167822,5.07300555724926
NHL,PPM1D,missense,-0.374493322746449,0.367349500887055,0.307990833505486,249125,2513,246612,7,1112,0.687637600871131,0.334711900985855,1.4126939279395
NHL,TP53,missense,0.856434884357007,0.270130253852973,0.00152202208063565,249125,2513,246612,14,522,2.3547507526635,1.38678666021555,3.99834471028695
NHL,TP53,pLoF,2.21454125469096,0.710761741827816,0.00183490567367995,249125,2513,246612,2,19,9.15720732200398,2.27384865621755,36.8777604036549
NHL,SRSF2,missense,0.105591137832447,0.350329635149595,0.763105607718059,249125,2513,246612,8,425,1.11136738752218,0.559315071870905,2.208303570144
NHL,SRSF2,pLoF,0.926883791388876,0.654176714484304,0.156520746861079,249125,2513,246612,2,79,2.52662341152109,0.700977837129493,9.10702953147316
leukemias,NF1,pLoF,0.990008465551965,0.549573259404252,0.0716377938549262,248505,1893,246612,3,161,2.69125725523097,0.916553050347731,7.90228739196873
leukemias,NF1,missense,0.0308511729113359,0.143535467879013,0.829815948003468,248505,1893,246612,50,6202,1.03133200232486,0.778432361465396,1.36639450217241
leukemias,BRCA1,pLoF,-0.69005575749966,0.632409814436733,0.275205640586232,248505,1893,246612,2,805,0.501548103218215,0.145212627043165,1.73229081357377
leukemias,BRCA1,missense,0.283032810282662,0.183906879822566,0.123804133980783,248505,1893,246612,30,4003,1.32714870522697,0.925502865620723,1.90309911639693
leukemias,HOXB13,missense,0.178426903900063,0.311343848401891,0.566586241541973,248505,1893,246612,10,1171,1.19533550571645,0.649341942038767,2.20042304173401
leukemias,HOXB13,pLoF,1.78851940780005,0.566589150810138,0.00159596870364889,248505,1893,246612,3,62,5.98059109143952,1.96998332486994,18.156229726141
leukemias,PPM1D,pLoF,0.675578605166777,0.375780303222931,0.0722083799878695,248505,1893,246612,7,229,1.96516970442423,0.940882273347261,4.1045432320112
leukemias,PPM1D,missense,-0.0856321706644933,0.367363183284904,0.815684150927109,248505,1893,246612,7,1112,0.917931811378622,0.446797065712383,1.88586469115991
leukemias,TP53,missense,1.79118516992982,0.201375970151933,5.85607518297575e-19,248505,1893,246612,27,522,5.99655519348025,4.04101347669234,8.89842966272113
leukemias,TP53,pLoF,3.28642296178822,0.519513246067479,2.51653758560779e-10,248505,1893,246612,5,19,26.7470172322456,9.66195211401235,74.0433115772248
leukemias,SRSF2,missense,1.67813814764814,0.191848686722345,2.18718776279676e-18,248505,1893,246612,31,425,5.3555753921834,3.67708982605913,7.80024126092675
leukemias,SRSF2,pLoF,0.669145600960119,0.837409098667376,0.424251823158862,248505,1893,246612,1,79,1.95256833523678,0.378270370657424,10.0788309090751
oral,NF1,missense,0.305284050176047,0.170851224997713,0.0739631182692327,247661,1049,246612,35,6202,1.35701040731165,0.970854956209332,1.8967583507449
oral,BRCA1,pLoF,0.213105396100897,0.533971177487277,0.689822973079304,247661,1049,246612,3,805,1.23751507363404,0.434543649333707,3.52425713692892
oral,BRCA1,missense,0.0499652950689063,0.272833670569924,0.854692379371672,247661,1049,246612,13,4003,1.05123461271815,0.615833359081252,1.79446955037535
oral,HOXB13,missense,0.0957212509164587,0.427581304926565,0.822860963616705,247661,1049,246612,5,1171,1.10045227117479,0.476007005604624,2.54407012265615
oral,HOXB13,pLoF,1.63284008658483,0.844754341088543,0.0532464145727662,247661,1049,246612,1,62,5.1183907683173,0.977411041176921,26.8033846084348
oral,PPM1D,pLoF,0.637522802315986,0.479868810038527,0.184001227635803,247661,1049,246612,4,229,1.89178873534648,0.738597041100508,4.84549005754388
oral,PPM1D,missense,-0.054279322997142,0.471405764529025,0.908331358713878,247661,1049,246612,4,1112,0.94716750388274,0.375980633495899,2.38609704991958
oral,TP53,missense,-0.0520360126538045,0.634403170949856,0.934627970765654,247661,1049,246612,2,522,0.949294679606652,0.273776450580636,3.29159205190322
oral,SRSF2,missense,0.19991912646356,0.477759877381509,0.675617362314175,247661,1049,246612,4,425,1.2213039829939,0.478799654706729,3.11525583657821
oral,SRSF2,pLoF,1.0410183996583,0.836988425442637,0.21358540966547,247661,1049,246612,1,79,2.83209975563446,0.549114241099297,14.6067765603886
neck,NF1,pLoF,1.22255819015296,0.829947684937509,0.140736334939756,247329,717,246612,1,161,3.39586389683373,0.667571097429429,17.2744021576486
neck,NF1,missense,-0.448910879341664,0.294876850989301,0.127917070276869,247329,717,246612,11,6202,0.638322983923465,0.358130122784796,1.13773236564577
neck,BRCA1,pLoF,-0.366742297408822,0.809274557248284,0.650423355741852,247329,717,246612,1,805,0.69298820689205,0.141863311049357,3.38517867191451
neck,BRCA1,missense,-0.308031999496713,0.363005345248236,0.396125890860617,247329,717,246612,7,4003,0.734891801465027,0.360771890595129,1.49697350026251
neck,HOXB13,missense,-0.308458675194732,0.630042901970929,0.624428580355594,247329,717,246612,2,1171,0.734578307877472,0.213670521025184,2.52540822110191
neck,PPM1D,pLoF,0.964368734839383,0.480822767038329,0.0448921484161283,247329,717,246612,4,229,2.6231312423463,1.0222166222779,6.73127140042008
neck,PPM1D,missense,0.0816882124228288,0.532909352013253,0.878171749912641,247329,717,246612,3,1112,1.08511743094638,0.381824223360303,3.08382697300105
neck,TP53,missense,1.13550588618039,0.431697547165782,0.00853026734390506,247329,717,246612,5,522,3.11274784077949,1.33561818089035,7.25446782539179
neck,TP53,pLoF,3.76733163792564,0.761319205916727,7.48160815691337e-07,247329,717,246612,2,19,43.2644654152057,9.72960611219999,192.383324265969
neck,SRSF2,missense,-0.0972081796414722,0.63748838968952,0.878803476988543,247329,717,246612,2,425,0.907367091114113,0.260106929814929,3.16529451415496
neck,SRSF2,pLoF,1.38500225098033,0.839280070982228,0.0988966097175868,247329,717,246612,1,79,3.99483489710129,0.771085157282263,20.6964246482784
anus,NF1,missense,-0.179591720066189,0.272284741720114,0.509527753346227,247226,614,246612,13,6202,0.835611305104018,0.490044043424323,1.4248642802358
anus,BRCA1,pLoF,0.78820678466349,0.469618922670522,0.0932697085852889,247226,614,246612,4,805,2.19944880251951,0.87613999407234,5.52146354193837
anus,BRCA1,missense,-0.256028939185668,0.362770917563073,0.480337853054544,247226,614,246612,7,4003,0.77411956607824,0.380204173356629,1.57615603557055
anus,HOXB13,missense,-0.149867696457689,0.628303321026394,0.811471894986168,247226,614,246612,2,1171,0.86082185867258,0.251246794716792,2.9493481626454
anus,HOXB13,pLoF,2.33622857731097,0.834934980180112,0.00514047651900131,247226,614,246612,1,62,10.3421582683217,2.01332198510462,53.1262452992366
anus,PPM1D,pLoF,1.20310356460063,0.539800411573833,0.0258276579952997,247226,614,246612,3,229,3.33043712651368,1.15617159645728,9.59356853917535
anus,PPM1D,missense,0.397802428224423,0.470307623576448,0.397645059061343,247226,614,246612,4,1112,1.48854990540504,0.592156941326372,3.7418810221463
anus,TP53,missense,0.138470604205698,0.811686417786641,0.864541299900326,247226,614,246612,1,522,1.14851591953623,0.2340066976972,5.63697035345126
anus,TP53,pLoF,3.33703296866421,0.910880651978733,0.000248769066974419,247226,614,246612,1,19,28.1355237598162,4.71967384498686,167.725085088245
bladder,NF1,missense,0.0242597839580189,0.151201211072506,0.872528951599935,248394,1782,246612,46,6202,1.02455644665006,0.761786349256474,1.37796629382601
bladder,BRCA1,pLoF,0.661176251787432,0.35367746672098,0.0615626268028617,248394,1782,246612,8,805,1.93706947632726,0.968488330619647,3.8743245917254
bladder,BRCA1,missense,0.229461447704381,0.210311231219172,0.275247997333933,248394,1782,246612,23,4003,1.25792237049338,0.832983878095605,1.89963903479783
bladder,HOXB13,missense,0.387554584978425,0.29031785044059,0.181898607510886,248394,1782,246612,12,1171,1.473373375478,0.83405331988246,2.6027461935807
bladder,HOXB13,pLoF,1.00849728360269,0.863466212647906,0.242821364959588,248394,1782,246612,1,62,2.74147825379744,0.504662497429902,14.8925332362114
bladder,PPM1D,pLoF,0.877364532084896,0.293425488973509,0.00278907981460093,248394,1782,246612,13,229,2.4045542229263,1.35291448276864,4.27364854514716
bladder,PPM1D,missense,-0.106287572603162,0.397569848759302,0.789204972502103,248394,1782,246612,6,1112,0.899166035375275,0.412503677741395,1.95998145664861
bladder,TP53,missense,0.61505896557883,0.338656205435482,0.0693435174022768,248394,1782,246612,9,522,1.84976566884599,0.952471589030431,3.5923728004573
bladder,TP53,pLoF,1.94397915593132,0.987747374341131,0.0490572842375857,248394,1782,246612,1,19,6.98649609030646,1.00806220232265,48.4207497388583
bladder,SRSF2,missense,-0.0974627381673059,0.35760944644769,0.785207141052428,248394,1782,246612,8,425,0.907136142481228,0.450064499738781,1.82839566656187
brain,NF1,pLoF,3.14563028898778,0.278562847329461,1.43150573873578e-29,247562,950,246612,14,161,23.2343151921772,13.4591226596875,40.1091078593358
brain,NF1,missense,0.0415417997139554,0.199835866530055,0.835322979179691,247562,950,246612,25,6202,1.04241673366211,0.704596978379191,1.54220452253202
brain,BRCA1,pLoF,0.541209448283629,0.470057564695343,0.249580688954804,247562,950,246612,4,805,1.71808353930267,0.683802292509731,4.31676097076084
brain,BRCA1,missense,-0.130068613522959,0.294630355652971,0.658877319168164,247562,950,246612,11,4003,0.87803518376646,0.492858334910981,1.56423403912008
brain,HOXB13,missense,-0.557591545618433,0.630038067923177,0.376149906707779,247562,950,246612,2,1171,0.572586452844901,0.166552705910763,1.96847745095877
brain,HOXB13,pLoF,1.73096534907703,0.831465730551254,0.037358544758452,247562,950,246612,1,62,5.64610173757801,1.10663343236879,28.8067068088161
brain,PPM1D,pLoF,0.208912153718031,0.817576576740568,0.798316788005681,247562,950,246612,1,229,1.23233673757463,0.248202957299422,6.11859685839299
brain,PPM1D,missense,-0.586838661508055,0.628719364172982,0.350620041999167,247562,950,246612,2,1112,0.556082473828507,0.162170671317213,1.90680420317413
brain,TP53,missense,1.11766944176334,0.3943851767694,0.00459759522578125,247562,950,246612,6,522,3.05771969900346,1.41155043456873,6.62367388986026
breast,NF1,pLoF,1.29255047189132,0.255053118629449,4.02503927237027e-07,161421,10236,151185,21,103,3.64206370127096,2.20925542110187,6.00411698774954
breast,NF1,missense,0.0479393564160272,0.0649006838639395,0.460115190697652,161421,10236,151185,280,3861,1.04910703178493,0.92379633663801,1.19141581373457
breast,BRCA1,pLoF,1.73225223377082,0.110666514152149,3.17403116944953e-55,161421,10236,151185,122,448,5.6533722966659,4.55101302818231,7.02274815009145
breast,BRCA1,missense,0.179839899112943,0.0852269500380586,0.0348472053197756,161421,10236,151185,160,2402,1.19702570290287,1.01288039329763,1.41464929412359
breast,HOXB13,missense,0.345976922563532,0.131790037177235,0.00865947702662318,161421,10236,151185,68,724,1.41336999848497,1.09163131443924,1.82993536938208
breast,HOXB13,pLoF,-0.0238726746536135,0.527444296418015,0.963899245318166,161421,10236,151185,4,40,0.976410023588059,0.347272849059869,2.74532413560173
breast,PPM1D,pLoF,0.92562556014719,0.195482230857596,2.18960102904571e-06,161421,10236,151185,39,107,2.52344633417688,1.72028061891332,3.70159457210718
breast,PPM1D,missense,0.158165244050837,0.152675543439667,0.300222368346405,161421,10236,151185,49,663,1.17135973894446,0.868425634301934,1.57996676263819
breast,TP53,missense,0.354645315547637,0.185156443386684,0.0554438072469503,161421,10236,151185,35,327,1.42567489987406,0.991779331035245,2.04939632892862
breast,TP53,pLoF,1.96346857475051,0.469035542213078,2.83684762367388e-05,161421,10236,151185,8,15,7.12399436721995,2.84105597300042,17.863532512731
breast,SRSF2,missense,0.00250442121975047,0.247553727492714,0.991928196920867,161421,10236,151185,19,202,1.00250755990222,0.617119886213948,1.62856752814586
breast,SRSF2,pLoF,0.512737927811963,0.526548033888229,0.330169573964385,161421,10236,151185,4,37,1.66985688944239,0.594950390193107,4.68681435827471
bone,NF1,pLoF,2.08085320490238,0.543223622863553,0.000127849537284027,247264,652,246612,3,161,8.0113012807048,2.762550835149,23.2324949078306
bone,NF1,missense,-0.0693532110948114,0.254741106465584,0.785429965191391,247264,652,246612,15,6202,0.932997076952882,0.566296999021802,1.53715020052421
bone,BRCA1,pLoF,0.991355620288255,0.468777202160458,0.0344496174307494,247264,652,246612,4,805,2.69488523836758,1.07526719832968,6.75404816519366
bone,BRCA1,missense,0.148951216787159,0.322585390393115,0.644266362748416,247264,652,246612,9,4003,1.16061636923268,0.616741978139435,2.18410681334602
bone,HOXB13,missense,-0.192095127380373,0.628707464233395,0.759955093077138,247264,652,246612,2,1171,0.825228362945352,0.240667464398109,2.82963820104475
bone,PPM1D,pLoF,1.5038685336651,0.477760759806185,0.00164535758334329,247264,652,246612,4,229,4.49906021414643,1.76380719410782,11.4760518486001
bone,PPM1D,missense,0.161695312650029,0.53084384732809,0.760670422899615,247264,652,246612,3,1112,1.17550202615472,0.415306071239377,3.32719675724991
bone,TP53,missense,1.07925647970766,0.472059177759504,0.0222382518925472,247264,652,246612,4,522,2.94249093580562,1.1665346225232,7.42219968454132
bone,TP53,pLoF,3.15269724174046,0.878296163687429,0.000331235914651576,247264,652,246612,1,19,23.399092551013,4.18400278817996,130.859743630583
prostate,NF1,pLoF,0.18410326155001,0.464262342055623,0.691699282487934,102418,6991,95427,6,58,1.20213995152207,0.483920709875473,2.98631662905552
prostate,NF1,missense,-0.0265148332830791,0.0845522917521741,0.753831735831488,102418,6991,95427,177,2341,0.97383359857896,0.825113538305807,1.14935925020511
prostate,BRCA1,pLoF,0.143202773063453,0.216618860015639,0.508559894306199,102418,6991,95427,26,357,1.1539637707128,0.754754769624386,1.76432456966176
prostate,BRCA1,missense,-0.00487689781381819,0.116727626655693,0.966673958768902,102418,6991,95427,87,1601,0.995134974943742,0.791631841320677,1.25095223141123
prostate,HOXB13,missense,0.779762638374363,0.142066805039289,4.04893510978618e-08,102418,6991,95427,69,447,2.18095452914278,1.65089376513533,2.88120456848324
prostate,HOXB13,pLoF,0.900861293395184,0.661504012558569,0.173249020082042,102418,6991,95427,3,22,2.46172246363249,0.673233707844767,9.00144692302031
prostate,PPM1D,pLoF,-0.237690736733216,0.251523625999538,0.344657028620777,102418,6991,95427,21,122,0.78844649093013,0.481587189626895,1.29083140592185
prostate,PPM1D,missense,0.111302336914019,0.199226853663415,0.57638603008197,102418,6991,95427,31,449,1.11773278765668,0.756407428775767,1.65165826917485
prostate,TP53,missense,0.0586973080651077,0.250758503185083,0.81492362265534,102418,6991,95427,20,195,1.06045420122054,0.648702978686934,1.73355626509157
prostate,TP53,pLoF,2.38172909971469,0.846451637289312,0.00489626505121537,102418,6991,95427,4,4,10.8236017798769,2.06001729000521,56.8686272963551
prostate,SRSF2,missense,0.0314483004004328,0.180434536835642,0.861635968212576,102418,6991,95427,44,223,1.03194802291694,0.72455551611116,1.46975172822894
prostate,SRSF2,pLoF,0.153935679343248,0.464513166003545,0.740348842274659,102418,6991,95427,6,42,1.16641585973143,0.469309226441119,2.89899682593114
cervix,NF1,missense,-0.0247049952131077,0.14310181393583,0.862934968492235,153188,2003,151185,50,3861,0.975597675564808,0.736991148788625,1.29145489214069
cervix,BRCA1,pLoF,0.0686522602341005,0.394960874165954,0.862006605389686,153188,2003,151185,6,448,1.0710636929449,0.493882902960581,2.32277211352736
cervix,BRCA1,missense,-0.22107439064136,0.196569846782824,0.260732821453936,153188,2003,151185,26,2402,0.801657042290441,0.545340880638184,1.17844459542771
cervix,HOXB13,missense,-0.355100503028829,0.393848443576532,0.367260288578621,153188,2003,151185,6,724,0.701102976694904,0.323994328553996,1.51714193925631
cervix,PPM1D,pLoF,1.10957285575691,0.483635839754508,0.0217771718847321,153188,2003,151185,4,107,3.03306256248929,1.17546525180178,7.82623603196522
cervix,PPM1D,missense,0.415530307524778,0.266973418615581,0.119601541696715,153188,2003,151185,14,663,1.51517403586905,0.897871804285283,2.55688211614927
cervix,TP53,missense,0.434681530340856,0.396477497261619,0.272921855782222,153188,2003,151185,6,327,1.54447111343158,0.710064061911656,3.3594025499651
cervix,TP53,pLoF,2.11426915128018,0.883483820939591,0.0167064797934663,153188,2003,151185,1,15,8.28352954633403,1.46619803750346,46.7991771847034
cervix,SRSF2,missense,-0.559652776754661,0.819899957492283,0.494868063389921,153188,2003,151185,1,202,0.571407435351337,0.114563369420031,2.85000745725014
endometrium,NF1,pLoF,0.624894592235342,0.833839760074289,0.453605256861167,152371,1186,151185,1,103,1.8680490401805,0.364437100435309,9.57533470755604
endometrium,NF1,missense,0.263988444886302,0.164805001263048,0.109194750994917,152371,1186,151185,38,3861,1.30211315014847,0.942684689279896,1.79858512084749
endometrium,BRCA1,pLoF,1.08410235356283,0.37094727420175,0.00347206735331582,152371,1186,151185,7,448,2.95678448008611,1.4291202654369,6.11745188499259
endometrium,BRCA1,missense,0.409640248802677,0.210287329295272,0.0514146608189967,152371,1186,151185,23,2402,1.50627580310569,0.997487817803345,2.27458095680624
endometrium,HOXB13,missense,-0.514112143262819,0.53603334983788,0.337505967145015,152371,1186,151185,3,724,0.5980313251181,0.209146941755035,1.7100009343737
endometrium,PPM1D,pLoF,1.09389854550563,0.444780583880527,0.0139164949621084,152371,1186,151185,5,107,2.98589204726791,1.24875195941076,7.13956943230316
endometrium,PPM1D,missense,0.529258537596953,0.347499870547448,0.12774701753063,152371,1186,151185,8,663,1.69767308107902,0.859135443786288,3.35464438240223
endometrium,TP53,missense,0.940104128844954,0.373986298472832,0.0119458637465088,152371,1186,151185,7,327,2.56024800011665,1.2301110540163,5.32868134198106
endometrium,SRSF2,missense,0.657574959047132,0.482807428261103,0.173203610055714,152371,1186,151185,4,202,1.93010606824607,0.749229291744697,4.97218872210049
endometrium,SRSF2,pLoF,1.65695629262825,0.858945306063999,0.0537235208761342,152371,1186,151185,1,37,5.24332737809597,0.973803664695406,28.232058463746
esophagus,NF1,missense,0.248007597880351,0.283033080941372,0.380894407691135,247001,389,246612,12,6202,1.28146966861025,0.735851426206622,2.23165227800612
esophagus,BRCA1,pLoF,1.22903453605559,0.528445881983996,0.0200317372748404,247001,389,246612,3,805,3.41792805651313,1.21324627567431,9.62890423298987
esophagus,BRCA1,missense,-0.619998741795728,0.612637612264966,0.311530656212348,247001,389,246612,2,4003,0.53794511443909,0.161904860454866,1.78737652060518
esophagus,HOXB13,missense,-0.218499849351453,0.804775128871454,0.786003249012913,247001,389,246612,1,1171,0.803723600524439,0.165989604248927,3.89163905151092
esophagus,PPM1D,pLoF,0.915722694944484,0.636996068930682,0.15055776672643,247001,389,246612,2,229,2.4985803109319,0.71693746593644,8.70773793642142
esophagus,PPM1D,missense,-0.0902282361286288,0.803445272935463,0.910584227359774,247001,389,246612,1,1112,0.913722616957986,0.189199732799323,4.41273889972183
esophagus,TP53,missense,0.374859255753613,0.811685621802305,0.64420457404762,247001,389,246612,1,522,1.4547866473583,0.296408908676644,7.1401504049961
esophagus,TP53,pLoF,3.82053127694947,0.910301510525307,2.70479392588113e-05,247001,389,246612,1,19,45.6284432226806,7.66276665952588,271.69753738191
esophagus,SRSF2,missense,1.03622574294258,0.479547756250362,0.0307077381847328,247001,389,246612,4,425,2.81855894786154,1.10112172677543,7.21471055324164
eye,NF1,pLoF,2.0847186637762,0.819103318087298,0.0109239263322222,246889,277,246612,1,161,8.04232856504338,1.61495268770669,40.0501198830537
eye,NF1,missense,0.0656414481253346,0.360954469825787,0.855696361579597,246889,277,246612,7,6202,1.0678437711311,0.526335565308592,2.16647020399415
eye,BRCA1,pLoF,0.856012515135062,0.792217002733374,0.279907202866521,246889,277,246612,1,805,2.35375638842943,0.498224610687188,11.1198222994865
eye,BRCA1,missense,-0.19084426695163,0.605567975172609,0.752648369072292,246889,277,246612,2,4003,0.826261254316032,0.252148850697527,2.70755808918148
eye,HOXB13,missense,0.128297219576577,0.803476444844454,0.873135018446085,246889,277,246612,1,1171,1.1368908587055,0.235395623816057,5.49084474747133
eye,PPM1D,pLoF,0.917762334226301,0.813023991707589,0.258971390866255,246889,277,246612,1,229,2.50368171422559,0.508782120506528,12.3204449871527
eye,PPM1D,missense,1.09468128356609,0.524169418645319,0.0367607582227377,246889,277,246612,3,1112,2.98823013355293,1.06964637289112,8.34810415608512
eye,TP53,missense,0.747783259053237,0.804511230475594,0.352636418696057,246889,277,246612,1,522,2.11231237355627,0.436472556303071,10.2225523667994
HL,NF1,pLoF,1.2676244063811,0.819671182984621,0.121982999841261,247209,597,246612,1,161,3.55240346351668,0.712552566915276,17.7103710709189
HL,NF1,missense,-0.310841550358234,0.294502610065534,0.291205951924837,247209,597,246612,11,6202,0.73282998331883,0.411454819543972,1.30522176176304
HL,BRCA1,pLoF,0.72585379917899,0.529968663676767,0.170806662177686,247209,597,246612,3,805,2.06649471846535,0.731348130003882,5.83908024954206
HL,BRCA1,missense,-0.832154698411007,0.525673686399722,0.113415718235807,247209,597,246612,3,4003,0.435110743119068,0.155290737788607,1.21914134399532
HL,HOXB13,missense,0.249682224816564,0.531550165855896,0.63855174190872,247209,597,246612,3,1171,1.28361745009968,0.452875984338292,3.63824493941284
HL,PPM1D,missense,0.192324713450354,0.530770416626255,0.717090423907074,247209,597,246612,3,1112,1.21206402656463,0.428285098487741,3.43018986576791
HL,TP53,missense,0.974697400658713,0.53372645732155,0.0678184079487353,247209,597,246612,3,522,2.65036509089755,0.931101268903921,7.54422247036289
kidney,NF1,pLoF,1.03618676332792,0.550916134418276,0.0599932768216195,248569,1957,246612,3,161,2.81844908366109,0.957347328546309,8.29756870920831
kidney,NF1,missense,-0.0930026882218884,0.150878304937845,0.537624863464196,248569,1957,246612,45,6202,0.911191050809121,0.677924921822397,1.22472135829245
kidney,BRCA1,pLoF,0.640881730045837,0.313492232721886,0.0409209089833453,248569,1957,246612,10,805,1.89815380090182,1.02680110325925,3.50894427405807
kidney,BRCA1,missense,0.254785449584979,0.17592042518634,0.147533330102817,248569,1957,246612,33,4003,1.29018478149563,0.913919991578965,1.8213594031651
kidney,HOXB13,missense,0.0521682093385969,0.327265409293665,0.873348676215695,248569,1957,246612,9,1171,1.05355294505345,0.554737524315769,2.00089909079051
kidney,PPM1D,pLoF,0.427319316762069,0.40276707834479,0.288708579351573,248569,1957,246612,6,229,1.53314214155474,0.696219948262564,3.37612392761345
kidney,PPM1D,missense,0.195422792805937,0.312035840271829,0.531129228350942,248569,1957,246612,10,1112,1.21582491986781,0.659577225911798,2.24117840595247
kidney,TP53,missense,0.581617738810979,0.349685899764503,0.096260877290101,248569,1957,246612,8,522,1.78893011279989,0.901446998505524,3.55014876502761
kidney,SRSF2,missense,0.45699941309249,0.317782337553977,0.150408688094269,248569,1957,246612,10,425,1.57932795732973,0.847179634623138,2.94421241359615
liver,NF1,pLoF,1.35044355621579,0.644730215268034,0.036207717862123,247710,1098,246612,2,161,3.85913689528319,1.09067367364805,13.6548061407979
liver,NF1,missense,-0.239051219927159,0.217199417567806,0.271067696432351,247710,1098,246612,21,6202,0.787374552072635,0.514399922961194,1.20520757795361
liver,BRCA1,pLoF,-0.250157573441566,0.630495117763707,0.691541724148713,247710,1098,246612,2,805,0.778678074419788,0.226297381646272,2.67939266098044
liver,BRCA1,missense,0.0907889040762836,0.234449114123151,0.698575922086588,247710,1098,246612,18,4003,1.09503782283777,0.691617020043208,1.73377432696838
liver,HOXB13,missense,0.26288767691239,0.393406485467414,0.503984093506813,247710,1098,246612,6,1171,1.30068061428382,0.601592564545654,2.81215254322738
liver,PPM1D,pLoF,0.144730070405285,0.637814071759669,0.820489240183773,247710,1098,246612,2,229,1.15572756308722,0.331090827118254,4.03425915391629
liver,PPM1D,missense,-0.120806562811428,0.47190388427731,0.797952197979504,247710,1098,246612,4,1112,0.886205368088853,0.351438277651289,2.23470237698116
liver,TP53,missense,0.543793600143746,0.474555005344927,0.251835642223869,247710,1098,246612,4,522,1.72252906956537,0.679554991697204,4.36624913619913
liver,TP53,pLoF,2.79953698182142,0.885446235219121,0.00156837915395962,247710,1098,246612,1,19,16.4370343631793,2.89821274027081,93.2216241072395
liver,SRSF2,missense,0.490581544474263,0.432592400885907,0.256773446999978,247710,1098,246612,5,425,1.63326576050661,0.699573803681536,3.81311740148804
lung,NF1,pLoF,1.09705100328433,0.447676157173795,0.0142639747112571,249561,2949,246612,5,161,2.99531979836458,1.24560562632407,7.20287425238444
lung,NF1,missense,0.0594356954913597,0.114151304710188,0.602593406963212,249561,2949,246612,81,6202,1.0612375164283,0.84849019460313,1.32732832204582
lung,BRCA1,pLoF,-0.594248450933703,0.47448986708081,0.210426186983001,249561,2949,246612,4,805,0.551977248006681,0.217788362612658,1.39896768891599
lung,BRCA1,missense,0.158830790576721,0.147667477482776,0.282107242460547,249561,2949,246612,48,4003,1.17213959283502,0.877575623281724,1.56557587590417
lung,HOXB13,missense,0.0547292113256457,0.267103995560769,0.837651417556368,249561,2949,246612,14,1171,1.05625455417576,0.625762107484837,1.78290387013259
lung,PPM1D,pLoF,0.806337455429562,0.269256315157453,0.00274729711640234,249561,2949,246612,15,229,2.23968998207561,1.32128503593011,3.79646410835093
lung,PPM1D,missense,0.328017456874111,0.251596130583167,0.192320188895538,249561,2949,246612,16,1112,1.38821320594107,0.847807310055664,2.27308243546832
lung,TP53,missense,0.43181748486725,0.303685026432458,0.155047877855627,249561,2949,246612,11,522,1.54005400634719,0.849256320445187,2.7927567748012
lung,TP53,pLoF,2.46012073620549,0.63147834787622,9.78704053365115e-05,249561,2949,246612,3,19,11.7062248198274,3.3954826550817,40.3582387108517
lung,SRSF2,missense,-0.021070040153021,0.334029849310571,0.949704141792795,249561,2949,246612,9,425,0.979150382325124,0.508771382022485,1.88441312755493
non_melanoma,NF1,pLoF,0.563781887056129,0.280213212042009,0.0442226063466555,261784,15172,246612,18,161,1.75730588140732,1.01468080323323,3.04344376181023
non_melanoma,NF1,missense,-0.00688400864340941,0.0579082317584436,0.905372095493135,261784,15172,246612,377,6202,0.99313963186583,0.886581647013908,1.11250478927083
non_melanoma,BRCA1,pLoF,0.454936902178648,0.166547378462378,0.00630321091270748,261784,15172,246612,47,805,1.57607393306502,1.13713283653842,2.18444931205107
non_melanoma,BRCA1,missense,0.0459131597422519,0.0993690184528457,0.644047595482733,261784,15172,246612,123,4003,1.04698348669321,0.861701343505087,1.27210480715909
non_melanoma,HOXB13,missense,0.223570836651553,0.114117742359075,0.050098237249082,261784,15172,246612,97,1171,1.25053422079591,0.999904176222136,1.56398570440035
non_melanoma,HOXB13,pLoF,-0.0604266054516821,0.491213496128389,0.902095256616238,261784,15172,246612,5,62,0.941362857384741,0.359447421663228,2.46535091325214
non_melanoma,PPM1D,pLoF,0.375529934234975,0.156220332048792,0.0162235169372551,261784,15172,246612,62,229,1.45576266871933,1.07180453553262,1.97726812807681
non_melanoma,PPM1D,missense,0.10049935036406,0.135862455512229,0.459473596268845,261784,15172,246612,67,1112,1.10572292338649,0.847227378052511,1.44308743434705
non_melanoma,TP53,missense,0.230011218346459,0.158063216147861,0.145618057370893,261784,15172,246612,53,522,1.25861412941964,0.9233129979577,1.71567987267448
non_melanoma,TP53,pLoF,1.53672165847402,0.473007856257977,0.00115881101464665,261784,15172,246612,8,19,4.6493231900274,1.8397750262514,11.7493746881488
non_melanoma,SRSF2,missense,-0.186575215627955,0.153719915134647,0.224848998071075,261784,15172,246612,57,425,0.829796145965853,0.613938380723833,1.12154845743309
non_melanoma,SRSF2,pLoF,0.563416568509724,0.334874510507424,0.0924775923999968,261784,15172,246612,13,79,1.75666402222581,0.911261467455353,3.38636999060178
melanoma,NF1,pLoF,0.548230943354974,0.494805567864003,0.267873708901572,250194,3582,246612,4,161,1.73018950566089,0.656015967909811,4.56323606731267
melanoma,NF1,missense,0.138966814918727,0.102871508970937,0.176734651726676,250194,3582,246612,102,6202,1.14908596685968,0.939264987570708,1.40577853609651
melanoma,BRCA1,pLoF,0.675443210992814,0.274210119424992,0.0137690690799833,250194,3582,246612,14,805,1.96490364990692,1.14797698837092,3.36317399436416
melanoma,BRCA1,missense,0.135993695322868,0.182738444146117,0.45675633150379,250194,3582,246612,31,4003,1.1456746704632,0.800781563543356,1.63911172571581
melanoma,HOXB13,missense,0.342276752343185,0.204396235991451,0.0940177193591128,250194,3582,246612,25,1171,1.40814995239155,0.943336227708346,2.10199314960834
melanoma,PPM1D,pLoF,0.0229753076461314,0.338484881758848,0.945883619995818,250194,3582,246612,9,229,1.02324127299967,0.527058953795636,1.98653811917966
melanoma,PPM1D,missense,-0.0640036910197853,0.278093855090435,0.817974122684529,250194,3582,246612,13,1112,0.938001537342107,0.543863147255889,1.61777257476537
melanoma,TP53,missense,0.343974098014907,0.282932691131326,0.224081950353111,250194,3582,246612,13,522,1.41054209919407,0.810127378192482,2.45594590080141
melanoma,TP53,pLoF,2.2628824873663,0.630940691534281,0.000335118177219352,250194,3582,246612,3,19,9.6107521501641,2.79061347612554,33.0990148517897
melanoma,SRSF2,missense,-0.322185897301498,0.319108989680193,0.312666751410546,250194,3582,246612,10,425,0.724563483413134,0.387659452611429,1.35426142187226
melanoma,SRSF2,pLoF,0.347885528081901,0.669330040683216,0.603236541860741,250194,3582,246612,2,79,1.41607014019659,0.381373051376041,5.25798725085896
myeloma,NF1,pLoF,1.68875903336198,0.490662566703133,0.000577872070620631,247877,1265,246612,4,161,5.41275948165034,2.0690262253587,14.1602676887851
myeloma,NF1,missense,-0.192865042589935,0.189774276824717,0.309492957805378,247877,1265,246612,28,6202,0.824593251599673,0.568464853820138,1.19612325373216
myeloma,BRCA1,pLoF,0.607490224217324,0.368818084112502,0.099531944612484,247877,1265,246612,7,805,1.83581812019631,0.891027544818544,3.78240626795377
myeloma,BRCA1,missense,0.196744016071532,0.20516141934354,0.337572950583496,247877,1265,246612,24,4003,1.21743235769712,0.814350043244952,1.82003004465016
myeloma,HOXB13,missense,0.347314338783328,0.367081028518027,0.344071217950652,247877,1265,246612,7,1171,1.41526152704406,0.689249981085812,2.90600688414341
myeloma,PPM1D,pLoF,0.550833940063598,0.480565173621367,0.251703681106048,247877,1265,246612,4,229,1.73469904986755,0.67634194674066,4.44920030187813
myeloma,PPM1D,missense,0.0795543613192542,0.427831531389577,0.852485643160271,247877,1265,246612,5,1112,1.08280442060634,0.468143675309214,2.50449909957708
myeloma,TP53,missense,1.15966438063187,0.331706735793294,0.000472194624245638,247877,1265,246612,9,522,3.1888628523632,1.66451056463954,6.10921102407305
myeloma,SRSF2,missense,0.554607623536505,0.40059114607915,0.166213671628212,247877,1265,246612,6,425,1.74125762220731,0.794107373869528,3.81809589819175
ovary,NF1,pLoF,1.11920984209027,0.648096733898923,0.0841824115886917,152422,1237,151185,2,103,3.06243344102028,0.85981638800462,10.9075596970698
ovary,NF1,missense,-0.0604337750399501,0.186656480838654,0.746112145029422,152422,1237,151185,29,3861,0.941356108224837,0.65293757275011,1.35717618264764
ovary,BRCA1,pLoF,2.3981047213294,0.196400736912139,2.74000817614482e-34,152422,1237,151185,29,448,11.0023041751359,7.48698627780851,16.1681473253141
ovary,BRCA1,missense,0.607113252098701,0.191339995583665,0.00150895757474243,152422,1237,151185,28,2402,1.83512619837595,1.26123796680788,2.67014493108637
ovary,HOXB13,missense,-0.0956602925091532,0.428555438978569,0.823367651132818,152422,1237,151185,5,724,0.908772680524975,0.392345080794701,2.10495256674492
ovary,PPM1D,pLoF,2.24304366649867,0.279385734674122,9.86851532269272e-16,152422,1237,151185,15,107,9.42196500883757,5.44913940432487,16.2912742803573
ovary,PPM1D,missense,-0.153753053502142,0.472468986133123,0.744859703431969,152422,1237,151185,4,663,0.857483747476237,0.339671858270961,2.16467263708184
ovary,TP53,missense,1.15221584247147,0.332482858913053,0.00052926727637678,152422,1237,151185,9,327,3.16519872669907,1.64964714499527,6.07310660942958
ovary,TP53,pLoF,2.14989427906658,0.894292366435175,0.0162160078989259,152422,1237,151185,1,15,8.58395084590932,1.48752467897048,49.5347829630527
ovary,SRSF2,missense,0.0747248952867197,0.639568669730481,0.906989705232448,152422,1237,151185,2,202,1.07758766065915,0.307645644559151,3.77445670673748
pancreas,NF1,missense,0.0776820357089805,0.200301650366466,0.698145365477842,247544,932,246612,25,6202,1.08077895491607,0.729860407992353,1.60041993865998
pancreas,BRCA1,pLoF,1.14084211182276,0.367913327371507,0.00192969431799411,247544,932,246612,7,805,3.1294025627823,1.52157387120768,6.43620437052821
pancreas,BRCA1,missense,0.289119242467542,0.247911136815091,0.243524992303861,247544,932,246612,16,4003,1.33525093765267,0.821373239555163,2.1706271651459
pancreas,HOXB13,missense,0.406848133974286,0.393433436319971,0.301091058882842,247544,932,246612,6,1171,1.50207597403117,0.69470552271787,3.24775341202804
pancreas,PPM1D,pLoF,1.00743526369748,0.43585570329881,0.020810974664186,247544,932,246612,5,229,2.7385682948129,1.16552750994956,6.4346454642491
pancreas,PPM1D,missense,0.456026742877369,0.393597612202895,0.246614555341333,247544,932,246612,6,1112,1.57779253891466,0.729489429313759,3.41256390541068
pancreas,TP53,missense,0.663054628447652,0.47479942370279,0.162565734157456,247544,932,246612,4,522,1.9407114418415,0.765263437346607,4.92165274948141
stomach,NF1,pLoF,2.0417158862739,0.643117927908409,0.00149983930906993,247121,509,246612,2,161,7.70381673771806,2.18415256183146,27.1724573482081
stomach,NF1,missense,0.319745472099148,0.240791331880196,0.18421297999833,247121,509,246612,17,6202,1.37677729150135,0.85881919164803,2.20711848178006
stomach,BRCA1,pLoF,0.495854739211346,0.625578810317028,0.42799136886425,247121,509,246612,2,805,1.64190103665576,0.481785059758151,5.59552223459262
stomach,BRCA1,missense,0.613443861141755,0.264555427575681,0.0204073728001275,247121,509,246612,14,4003,1.84678051542287,1.09957611020683,3.10173915246671
stomach,HOXB13,missense,0.690885366359492,0.469807974161061,0.141407526272178,247121,509,246612,4,1171,1.99548148354775,0.794596100872187,5.01128352733063
stomach,PPM1D,pLoF,0.861215494888453,0.635991710978108,0.175694886892732,247121,509,246612,2,229,2.36603484985678,0.680242890216623,8.2295912110953
stomach,PPM1D,missense,0.475503306998747,0.530707517786514,0.370263459918164,247121,509,246612,3,1112,1.60882372598905,0.56855096922162,4.5524744858827
stomach,TP53,missense,0.178068833368154,0.811556618787571,0.826325694314063,247121,509,246612,1,522,1.19490756791664,0.243520802019398,5.86317096537293
stomach,TP53,pLoF,3.42956456739131,0.885256003421163,0.00010702230124753,247121,509,246612,1,19,30.8632009792818,5.44389438088491,174.973485531272
stomach,SRSF2,missense,1.2744542144121,0.433166717770376,0.00325911008415221,247121,509,246612,5,425,3.57674873936681,1.53029885788534,8.3598909315272
testis,NF1,missense,0.0225615920137387,0.361432874423167,0.950226270828622,95731,304,95427,7,2341,1.02281802964655,0.503670081887312,2.07706742844439
testis,BRCA1,missense,-0.839050037001082,0.782722571331739,0.283736420996233,95731,304,95427,1,1601,0.432120827308477,0.0931859717151024,2.00382531787775
testis,HOXB13,missense,0.0598764213531362,0.803045874403297,0.940563492046706,95731,304,95427,1,447,1.06170533432943,0.220013896127025,5.12339555267347
testis,HOXB13,pLoF,2.79639330198272,0.862252325135647,0.00118225737562329,95731,304,95427,1,22,16.3854427259275,3.02348397065428,88.7991257537743
testis,PPM1D,pLoF,1.30751038976063,0.815338388600072,0.108793121026769,95731,304,95427,1,122,3.69695826038889,0.747871963755943,18.2751875206246
testis,PPM1D,missense,0.568360146098462,0.621612929301991,0.360542798419899,95731,304,95427,2,449,1.76536972805328,0.522056840250948,5.96971447635627
thyroid,NF1,pLoF,0.320216714334864,0.642062046780828,0.617968389329482,249198,2586,246612,2,161,1.37742624000424,0.391330904752256,4.84833429614602
thyroid,NF1,missense,-0.0736009316940528,0.129867500248262,0.570891758019387,249198,2586,246612,61,6202,0.929042371238811,0.720264657290374,1.1983369152168
thyroid,BRCA1,pLoF,0.173532142600014,0.36747319942859,0.636762097124866,249198,2586,246612,7,805,1.18949891974315,0.578855677832434,2.44431856549863
thyroid,BRCA1,missense,-0.430981695227259,0.217161555754953,0.0471875199623213,249198,2586,246612,21,4003,0.649870806403298,0.424598813830319,0.994661433943732
thyroid,HOXB13,missense,0.122277262084067,0.274795180223489,0.656337093097866,249198,2586,246612,13,1171,1.13006738318558,0.659474881802173,1.93646843235342
thyroid,PPM1D,pLoF,0.291855928658612,0.478906331140826,0.542244932845387,249198,2586,246612,4,229,1.3389101051682,0.523727780587167,3.42292377103175
thyroid,PPM1D,missense,0.22737081665935,0.26564560037239,0.392043209294495,249198,2586,246612,14,1112,1.25529526604331,0.74580956011003,2.11282650321387
thyroid,TP53,missense,0.342715894343979,0.347288942806592,0.323724930568099,249198,2586,246612,8,522,1.40876846597676,0.71322529566077,2.78261105264341
thyroid,SRSF2,missense,-0.166601100566058,0.475474998227484,0.726046951908624,249198,2586,246612,4,425,0.846537227216068,0.333365773587432,2.14966662399348
