Cancer,Gene,Group,log_OR,log_OR_SE,P,N,N_cases,N_controls,N_carrier_cases,N_carrier_controls,OR,CI_lower,CI_upper
colorectal,CHEK2,pLoF,0.307747150989898,0.288181709693166,0.285568904946142,249549,2937,246612,12,710,1.36035698053198,0.773307413164057,2.39306009871327
colorectal,CHEK2,missense,0.156747041589113,0.188893282915735,0.406641706150196,249549,2937,246612,29,1928,1.16969969109934,0.807770746864983,1.69379415219968
NHL,CHEK2,pLoF,0.640501777798682,0.259789413686107,0.0136835438504089,249125,2513,246612,15,710,1.89743273009464,1.14033705776134,3.1571814146795
NHL,CHEK2,missense,0.486708742536603,0.161109055521666,0.00251950213341299,249125,2513,246612,41,1928,1.62695267825381,1.18642050625803,2.23105973246013
leukemias,CHEK2,pLoF,0.909561272422853,0.260116019282363,0.000470959020370308,248505,1893,246612,15,710,2.48323283163748,1.49144171011953,4.13455333472474
leukemias,CHEK2,missense,0.686254918258559,0.171848642264292,6.51412703397521e-05,248505,1893,246612,36,1928,1.98626286972963,1.41826992854359,2.78172730611154
oral,CHEK2,pLoF,0.229773492070622,0.474832709014895,0.628453934433548,247661,1049,246612,4,710,1.25831495933164,0.496147748645956,3.19130045676707
oral,CHEK2,missense,-0.596336557206669,0.428868206074297,0.164380413085757,247661,1049,246612,5,1928,0.550825863377671,0.237662710027159,1.27663751596153
neck,CHEK2,pLoF,-0.442487977598918,0.817361778595854,0.588258624625087,247329,717,246612,1,710,0.642436064545728,0.129446498010397,3.18837591879738
neck,CHEK2,missense,-0.241781424881482,0.473881116742516,0.609900591912081,247329,717,246612,4,1928,0.785227790053309,0.310189664801167,1.98776023910157
anus,CHEK2,pLoF,0.2650953748107,0.633044516250633,0.675389632070528,247226,614,246612,2,710,1.30355529618937,0.376947605875005,4.50793793020354
anus,CHEK2,missense,0.84098789949023,0.329550065727075,0.0107128785860312,247226,614,246612,9,1928,2.3186564452328,1.21541020799694,4.42333598619334
bladder,CHEK2,pLoF,0.92112437029319,0.26510843984183,0.00051176969457719,248394,1782,246612,15,710,2.51211334823555,1.49409605159301,4.22376691756513
bladder,CHEK2,missense,0.364102169402528,0.199322665761667,0.0677452989600476,248394,1782,246612,27,1928,1.43922125102191,0.973786618561477,2.12711673164391
brain,CHEK2,pLoF,0.941305941418842,0.368279453868988,0.0105896622722449,247562,950,246612,7,710,2.56332678804792,1.24544323124117,5.27574766758012
brain,CHEK2,missense,0.403866589236931,0.287136013345694,0.15956559118361,247562,950,246612,12,1928,1.49760413711934,0.853073425907375,2.62910329099909
breast,CHEK2,pLoF,0.871495588029718,0.130208147174298,2.18498163355558e-11,161421,10236,151185,78,427,2.39048335965761,1.8520484727533,3.08545417513005
breast,CHEK2,missense,0.276958669470104,0.0954423171238715,0.00370973795201222,161421,10236,151185,136,1213,1.31911185031652,1.09405958229173,1.59045823628778
bone,CHEK2,pLoF,0.526347700947287,0.536072406960892,0.32616914819574,247264,652,246612,3,710,1.69273861724867,0.591948932906153,4.84055949261964
bone,CHEK2,missense,-0.0572164796697532,0.428795537403442,0.893849095531707,247264,652,246612,5,1928,0.944389606086206,0.407530179177578,2.18848020012534
prostate,CHEK2,pLoF,0.322815470399836,0.198209752167975,0.103385896113003,102418,6991,95427,33,283,1.38101049007811,0.936441238214241,2.03663603852254
prostate,CHEK2,missense,0.231581789504366,0.127646322383789,0.0696399096524925,102418,6991,95427,82,715,1.26059242559104,0.981571514831462,1.61892764760024
cervix,CHEK2,pLoF,0.304037774748104,0.36929609490968,0.410343110081538,153188,2003,151185,7,427,1.35532025200383,0.657198437122997,2.79503553528376
cervix,CHEK2,missense,-0.0465831818988268,0.266593855364244,0.861288146064783,153188,2003,151185,14,1213,0.954485161379603,0.566036034895504,1.60951223443227
endometrium,CHEK2,pLoF,0.518738773576829,0.399001483333375,0.193569321476825,152371,1186,151185,6,427,1.67990756921438,0.768519176211551,3.67211323862519
endometrium,CHEK2,missense,-0.0243272864542265,0.2889712231033,0.932908672682559,152371,1186,151185,12,1213,0.975966236952063,0.553939127569553,1.71952124026619
esophagus,CHEK2,pLoF,0.0866423730154973,0.815482019803604,0.915386522556435,247001,389,246612,1,710,1.09050661538123,0.220540701056326,5.39222317011908
esophagus,CHEK2,missense,0.366381674695316,0.430816741700909,0.395083233839741,247001,389,246612,5,1928,1.44250570552461,0.62001995066092,3.35605766919751
eye,CHEK2,pLoF,0.443973046133593,0.812981332129223,0.584993868080318,246889,277,246612,1,710,1.55888846698415,0.316813791902703,7.67054122833935
eye,CHEK2,missense,0.941146001121075,0.398164196616172,0.0180928088226157,246889,277,246612,6,1928,2.56291684158252,1.17440133522537,5.59309883244195
HL,CHEK2,pLoF,0.267188389171665,0.632411573196931,0.672666447901853,247209,597,246612,2,710,1.30628651338596,0.378206280084752,4.51178244494421
HL,CHEK2,missense,0.597536057448993,0.313982888648816,0.0570294832282736,247209,597,246612,10,1928,1.81763473085867,0.982299432463349,3.363328844178
kidney,CHEK2,pLoF,0.715144002294792,0.288960144069112,0.0133277952278286,248569,1957,246612,12,710,2.04448107102761,1.16043220582498,3.60202244371406
kidney,CHEK2,missense,0.416403997140026,0.199953745816908,0.0372966761873181,248569,1957,246612,26,1928,1.51649840614952,1.02480449392656,2.24410356266339
liver,CHEK2,pLoF,-0.755468292136549,0.817360150768032,0.355341411412233,247710,1098,246612,1,710,0.469790563983604,0.0946599057626011,2.33153807021039
liver,CHEK2,missense,0.483025509679147,0.267977906353099,0.0714695120410652,247710,1098,246612,14,1928,1.62097125494128,0.95867655381505,2.7408074171519
lung,CHEK2,pLoF,1.01934047082888,0.206949241715306,8.41199999751343e-07,249561,2949,246612,25,710,2.77136636412805,1.84730424298797,4.15766463665851
lung,CHEK2,missense,0.150325015641545,0.186808532293656,0.420992233435784,249561,2949,246612,30,1928,1.16221191840198,0.805886004856369,1.67608884524101
non_melanoma,CHEK2,pLoF,0.104330634171695,0.134267088730577,0.437136333258029,261784,15172,246612,69,710,1.10996738739977,0.853143066443644,1.4441043355446
non_melanoma,CHEK2,missense,-0.06153485417077,0.0886940948461823,0.487815483927364,261784,15172,246612,157,1928,0.940320171088444,0.79027674423192,1.11885112476031
melanoma,CHEK2,pLoF,0.212292231034771,0.239716104082195,0.375833900302282,250194,3582,246612,18,710,1.23650917864211,0.772948621104194,1.97808095793225
melanoma,CHEK2,missense,0.295700836746997,0.14287274605165,0.0384823394303635,250194,3582,246612,53,1928,1.3440680009245,1.01579890367652,1.77842167831722
myeloma,CHEK2,pLoF,1.00411104022209,0.330163708137448,0.00235596552662231,247877,1265,246612,9,710,2.72947979626776,1.42903881834446,5.21333630871188
myeloma,CHEK2,missense,-0.0874936767555835,0.313489895873146,0.780171395647193,247877,1265,246612,10,1928,0.916224665145059,0.495631494915199,1.69373344033314
ovary,CHEK2,pLoF,0.969938261177529,0.315991554360787,0.00214412442055124,152422,1237,151185,10,427,2.63778160079689,1.41992804133303,4.90017210095416
ovary,CHEK2,missense,-0.018050247266281,0.287949669330993,0.95001700410323,152422,1237,151185,12,1213,0.98211168269123,0.558544364510297,1.72688763608646
pancreas,CHEK2,pLoF,0.168174999527582,0.537323582074943,0.754290957992381,247544,932,246612,3,710,1.18314364211051,0.412730736085656,3.3916274109908
pancreas,CHEK2,missense,0.380575083983004,0.288211317471532,0.186677352109535,247544,932,246612,12,1928,1.4631257677311,0.831679009744974,2.57399427797891
stomach,CHEK2,pLoF,0.0226779588992973,0.814986303974116,0.977800782187045,247121,509,246612,1,710,1.02293705872054,0.207076736893249,5.05320028605272
stomach,CHEK2,missense,1.13711171883648,0.290966082204307,9.30417758824284e-05,247121,509,246612,12,1928,3.11775040848064,1.76266818804615,5.51457595678054
testis,CHEK2,pLoF,0.820540889270577,0.63411844957194,0.195669988008941,95731,304,95427,2,283,2.27172825872335,0.655531820024179,7.87261445415701
testis,CHEK2,missense,0.626216256368162,0.430215101885443,0.145506343710171,95731,304,95427,5,715,1.87051960586465,0.804938140244896,4.34672358159046
thyroid,CHEK2,pLoF,0.922146781234934,0.226350456924407,4.6216849817464e-05,249198,2586,246612,20,710,2.51468307384363,1.61366507799561,3.91880015754598
thyroid,CHEK2,missense,0.679444442043549,0.146348090240203,3.43951898354193e-06,249198,2586,246612,50,1928,1.97278143330824,1.48083698150102,2.62815328913571
