Cancer,Gene,Group,log_OR,log_OR_SE,P,N,N_cases,N_controls,N_carrier_cases,N_carrier_controls,OR,CI_lower,CI_upper
colorectal,ASXL1,pLoF,0.108057456946444,0.226575605147036,0.633422171807357,249549,2937,246612,20,771,1.11411175700705,0.714606977728411,1.73696177869267
colorectal,ASXL1,missense,-0.0937320907727322,0.0914478627114398,0.305373344721699,249549,2937,246612,128,12349,0.910526668063045,0.761118202349213,1.08926420455466
colorectal,SAMHD1,pLoF,0.943431912218085,0.549817526615318,0.0861803406404742,249549,2937,246612,3,129,2.568782142856,0.874423350379419,7.54627800663449
colorectal,SAMHD1,missense,0.0207786904221099,0.432285476952132,0.961662800990647,249549,2937,246612,5,452,1.02099607042317,0.437584575935453,2.38224341795204
colorectal,RTEL1,pLoF,0.117187717910501,0.181723051045794,0.519011527145419,249549,2937,246612,31,2186,1.12433046684814,0.7874283336598,1.60537657161459
colorectal,RTEL1,missense,0.0954735269024777,0.0997231595470162,0.338372613534048,249549,2937,246612,107,7525,1.10017969648402,0.904855266822981,1.33766736950702
NHL,ASXL1,pLoF,-0.13354698888937,0.276894744244719,0.629591170332722,249125,2513,246612,13,771,0.874986353374677,0.508520009042893,1.50554767752971
NHL,ASXL1,missense,-0.05109987363885,0.0987988177049915,0.605008603254338,249125,2513,246612,109,12349,0.950183767482915,0.782906503587097,1.15320180360155
NHL,SAMHD1,pLoF,0.749008123669004,0.645320828848273,0.24577385865107,249125,2513,246612,2,129,2.11490125543132,0.597024302121326,7.49183459422393
NHL,SAMHD1,missense,0.935049231651627,0.302647027452799,0.00200446342873179,249125,2513,246612,11,452,2.54733886435154,1.40758005635059,4.60999376949083
NHL,RTEL1,pLoF,0.236159252708489,0.181770319377706,0.19386916005237,249125,2513,246612,31,2186,1.26637596791204,0.886828178082982,1.8083639331035
NHL,RTEL1,missense,-0.136452439662877,0.117980801051345,0.247450217155318,249125,2513,246612,75,7525,0.872447813185023,0.692331383160078,1.09942320288453
leukemias,ASXL1,pLoF,1.02956418146388,0.183338647340503,1.95833917424748e-08,248505,1893,246612,32,771,2.79984534426292,1.9546810526479,4.01044146878668
leukemias,ASXL1,missense,0.0646397245872609,0.108658949982974,0.551919451738256,248505,1893,246612,90,12349,1.06677462247566,0.862148366708971,1.31996781424309
leukemias,SAMHD1,pLoF,1.01351567264609,0.645224594988787,0.116230236055776,248505,1893,246612,2,129,2.75527063705568,0.777943565407514,9.75844087025067
leukemias,SAMHD1,missense,0.469448447168603,0.431929466043228,0.277097061575316,248505,1893,246612,5,452,1.59911195521267,0.6858353119388,3.7285322012295
leukemias,RTEL1,pLoF,-0.0117497729490058,0.23536090001523,0.960184254180689,248505,1893,246612,18,2186,0.988318986068743,0.623099750189398,1.56760521558073
leukemias,RTEL1,missense,-0.368929653595947,0.149246015173979,0.0134375875488646,248505,1893,246612,46,7525,0.691474051452444,0.516104265921862,0.926433659636611
oral,ASXL1,pLoF,0.283156283509464,0.329173819446484,0.389677190609451,247661,1049,246612,9,771,1.32731258267708,0.69627363146128,2.53026771735629
oral,ASXL1,missense,0.0452890308432525,0.145803240743135,0.756091459784973,247661,1049,246612,49,12349,1.04633023791931,0.786250315384573,1.39244073466449
oral,SAMHD1,pLoF,1.08414936574152,0.826782723960375,0.18976084817928,247661,1049,246612,1,129,2.95692348823396,0.584899643370447,14.9485413683729
oral,SAMHD1,missense,0.803671254716204,0.476270429620033,0.091521407903839,247661,1049,246612,4,452,2.23372647253709,0.878269632264868,5.68109583983456
oral,RTEL1,pLoF,0.301745413290678,0.265932146208485,0.256513320064454,247661,1049,246612,14,2186,1.35221692642662,0.802942627238747,2.27723694581102
oral,RTEL1,missense,-0.0511709548910552,0.171170038944251,0.764979659273427,247661,1049,246612,35,7525,0.950116229631263,0.679323338656408,1.32885299008593
neck,ASXL1,pLoF,0.207665300252661,0.39617101267937,0.600152685127381,247329,717,246612,6,771,1.23080115176707,0.566195634607283,2.67552658939497
neck,ASXL1,missense,0.100943207053727,0.167484468892973,0.54670701962606,247329,717,246612,37,12349,1.10621381483763,0.796665553547546,1.53603855305209
neck,RTEL1,pLoF,0.514720516626716,0.298631723407063,0.0847807571786764,247329,717,246612,11,2186,1.67317081302205,0.931846753033232,3.00424995895117
neck,RTEL1,missense,-0.187718698044226,0.223859603362288,0.40171880005869,247329,717,246612,20,7525,0.828847830957951,0.534472254979758,1.28535900691369
anus,ASXL1,pLoF,-0.236832732489497,0.631091021680457,0.707455898775628,247226,614,246612,2,771,0.789123271664145,0.229065244403117,2.71850729474283
anus,ASXL1,missense,-0.231129293927508,0.197240298354832,0.241271026111052,247226,614,246612,26,12349,0.793636846976415,0.539176030063106,1.16818888407362
anus,SAMHD1,missense,1.12698041141027,0.534684267657237,0.0350526771187957,247226,614,246612,3,452,3.08632298985162,1.08222434704176,8.80167741903428
anus,RTEL1,missense,-0.201787163695333,0.248614138791395,0.416993651326219,247226,614,246612,16,7525,0.817268853915486,0.502046807415352,1.33041057071745
bladder,ASXL1,pLoF,0.341313080981738,0.213139078402701,0.109296493977217,248394,1782,246612,24,771,1.40679361224784,0.926416060003752,2.13626290918718
bladder,ASXL1,missense,-0.0663067560885574,0.122396560483535,0.587999637243193,248394,1782,246612,71,12349,0.935843744489436,0.736239646592863,1.18956309695221
bladder,SAMHD1,pLoF,0.791510320127548,0.8423587190988,0.347404460425022,248394,1782,246612,1,129,2.20672677454044,0.423381154424754,11.5017945569401
bladder,SAMHD1,missense,0.0223132343704967,0.547887894664696,0.967514403668425,248394,1782,246612,3,452,1.02256403651312,0.349403694765348,2.99263351943724
bladder,RTEL1,pLoF,0.334441003448368,0.201258688635517,0.096563531606286,248394,1782,246612,26,2186,1.39715915973926,0.941746849434306,2.07280090059859
bladder,RTEL1,missense,-0.167742698903062,0.137225998194967,0.221562903301308,248394,1782,246612,56,7525,0.845571373138865,0.646164791126381,1.10651486569794
brain,ASXL1,pLoF,0.521704688480663,0.394415471815562,0.185925595268913,247562,950,246612,6,771,1.68489742820171,0.777761442327531,3.65006438872193
brain,ASXL1,missense,-0.207953117620843,0.168297215678524,0.216596063977145,247562,950,246612,36,12349,0.812245115802801,0.584026103692573,1.12964493192035
brain,SAMHD1,missense,-0.167912930763662,0.813602693737559,0.836492549659184,247562,950,246612,1,452,0.845427442201909,0.171607582092863,4.16501154151387
brain,RTEL1,pLoF,-0.0689454250110485,0.344241881188169,0.841260101595619,247562,950,246612,8,2186,0.933377617761404,0.475376995924854,1.83263764297856
brain,RTEL1,missense,-0.449107713294273,0.222798704995564,0.0438255497210302,247562,950,246612,20,7525,0.638197352652153,0.412390257557513,0.987646661064523
breast,ASXL1,pLoF,0.271807410723324,0.144733450931112,0.0603830650573388,161421,10236,151185,60,369,1.31233423547073,0.988205170385258,1.74277690220657
breast,ASXL1,missense,-0.0026598207273856,0.050679792811325,0.958143948218224,161421,10236,151185,464,7429,0.997343713461635,0.903038230383065,1.10149764352667
breast,SAMHD1,pLoF,0.352735000596142,0.399580520792811,0.37736419832615,161421,10236,151185,7,78,1.42295401150118,0.650230457401768,3.11396997141307
breast,SAMHD1,missense,0.193964087071335,0.228069283708299,0.39506869798986,161421,10236,151185,22,280,1.21405268198596,0.776434110105704,1.8983245267736
breast,RTEL1,pLoF,-0.0250393032058436,0.106879219232402,0.81477022835445,161421,10236,151185,100,1367,0.97527157997539,0.79095142429693,1.2025449673514
breast,RTEL1,missense,-0.0971764415046304,0.0605691828904297,0.108628658807484,161421,10236,151185,319,4586,0.907395889712021,0.805824051621095,1.02177057015099
bone,ASXL1,pLoF,0.32115480105867,0.47239359037375,0.496602099664351,247264,652,246612,4,771,1.37871899153473,0.546227555032735,3.47998931966115
bone,ASXL1,missense,0.377442338966766,0.159708859289813,0.0181122683526383,247264,652,246612,41,12349,1.45854933990763,1.06653889363653,1.99464472382381
bone,SAMHD1,pLoF,1.51203700982972,0.820140532483329,0.0652368461463646,247264,652,246612,1,129,4.53596118744782,0.909001171434101,22.6346725841646
bone,SAMHD1,missense,0.215530846006707,0.811979990825352,0.790671590470671,247264,652,246612,1,452,1.24052024742883,0.25260691549647,6.09203624238226
bone,RTEL1,pLoF,-0.160484594863461,0.426654351098249,0.706807892313588,247264,652,246612,5,2186,0.85173094450238,0.369091109256859,1.96549194393643
bone,RTEL1,missense,0.169599288565681,0.197845620145411,0.391317541126853,247264,652,246612,26,7525,1.18482998126257,0.803987946831771,1.74607354504583
prostate,ASXL1,pLoF,-0.0152712501352837,0.13589959314685,0.910528799352328,102418,6991,95427,74,402,0.98484476409351,0.754553150781633,1.28542198565823
prostate,ASXL1,missense,0.00326824207458467,0.0620267777282717,0.957978249666958,102418,6991,95427,332,4920,1.00327358860071,0.888427699510684,1.13296545587009
prostate,SAMHD1,pLoF,0.552661682549786,0.537847711102235,0.304164820573213,102418,6991,95427,4,51,1.73787253229262,0.605621266914301,4.98694663396709
prostate,SAMHD1,missense,0.368995735911284,0.270690710906054,0.172830942331458,102418,6991,95427,18,172,1.44628143658924,0.850825428445425,2.45847141363006
prostate,RTEL1,pLoF,-0.0179271452005826,0.132527785788061,0.892397737699757,102418,6991,95427,72,819,0.98223259010994,0.757541594938678,1.27356816776798
prostate,RTEL1,missense,-0.173467395240475,0.0766544284084166,0.0236369569088564,102418,6991,95427,213,2939,0.840744562989299,0.723461958454283,0.977040204997503
cervix,ASXL1,pLoF,-0.131972082346528,0.474636917903685,0.780975129591115,153188,2003,151185,4,369,0.876365460805108,0.345679460804475,2.2217589066611
cervix,ASXL1,missense,0.0669410775733231,0.098749883541098,0.497844529386086,153188,2003,151185,111,7429,1.06923247454637,0.88108150983886,1.29756222535376
cervix,SAMHD1,pLoF,0.887754777213367,0.646002139947791,0.169370647209652,153188,2003,151185,2,78,2.42966837589258,0.684965949290709,8.61836770561429
cervix,RTEL1,pLoF,-0.226350948338431,0.264913783460567,0.392865390509048,153188,2003,151185,14,1367,0.797438192942982,0.474462628904044,1.34026924951507
cervix,RTEL1,missense,-0.156182864114717,0.142050203461347,0.271554129786254,153188,2003,151185,51,4586,0.855402753600855,0.647526119713915,1.13001444820667
endometrium,ASXL1,pLoF,0.00745503902282694,0.432330293582834,0.986242079605177,152371,1186,151185,5,369,1.00748289701068,0.43175509300925,2.3509202420625
endometrium,ASXL1,missense,-0.0278452429984274,0.144680605929352,0.84738182400209,152371,1186,151185,50,7429,0.972538862354077,0.732410580546832,1.29139565144292
endometrium,SAMHD1,pLoF,1.77817930405811,0.559195528880955,0.00147331845908012,152371,1186,151185,3,78,5.91906977565208,1.9781779764501,17.7109377549081
endometrium,RTEL1,pLoF,-0.48711470533633,0.367671603630849,0.18521641288823,152371,1186,151185,7,1367,0.614396554339166,0.298872622940844,1.26302343208784
endometrium,RTEL1,missense,0.135864222938533,0.152525216804895,0.373054910053942,152371,1186,151185,45,4586,1.14552634683405,0.849523471276063,1.5446666933403
esophagus,ASXL1,pLoF,-0.212649875165098,0.630514536121602,0.735917870648562,247001,389,246612,2,771,0.808439142291268,0.234937523485604,2.78190489578685
esophagus,ASXL1,missense,0.154048029272219,0.228488861706072,0.500181836275219,247001,389,246612,19,12349,1.16654691383224,0.745439046115768,1.82554389827359
esophagus,SAMHD1,pLoF,2.14812383364369,0.823283226307469,0.00907499179362571,247001,389,246612,1,129,8.56876687458628,1.70662606661081,43.0227612172942
esophagus,RTEL1,pLoF,-0.147624862142997,0.533506385904729,0.782005225106263,247001,389,246612,3,2186,0.862754706194187,0.303225609709918,2.45475863259802
esophagus,RTEL1,missense,-0.311094130914551,0.310266657097115,0.316021568571809,247001,389,246612,10,7525,0.732644908088144,0.398835748624775,1.34583863958614
eye,ASXL1,pLoF,0.650548473747415,0.532639412103908,0.221946902037518,246889,277,246612,3,771,1.9165917410432,0.67475501770337,5.44393714082734
eye,ASXL1,missense,0.218583263334006,0.262185412113962,0.404451594713728,246889,277,246612,14,12349,1.24431261793113,0.744315182337954,2.0801858243429
eye,RTEL1,pLoF,0.6543286758275,0.426349471523248,0.124851690147734,246889,277,246612,5,2186,1.92385055637978,0.834184287184762,4.43691042871805
eye,RTEL1,missense,-0.843278745415691,0.468160758217788,0.0716620782303263,246889,277,246612,4,7525,0.430297372476552,0.171897489607201,1.07712933553201
HL,ASXL1,pLoF,0.540487753065021,0.47228690913389,0.252455493698241,247209,597,246612,4,771,1.71684405394631,0.680329813048267,4.3325361450266
HL,ASXL1,missense,0.0390632552497567,0.187323769051108,0.834812536442319,247209,597,246612,29,12349,1.03983625667201,0.720302089988132,1.50111939937239
HL,SAMHD1,missense,0.3288141142834,0.810958733682365,0.685136890196188,247209,597,246612,1,452,1.38931957691806,0.283473737530454,6.80912772951461
HL,RTEL1,pLoF,0.246743980802864,0.36634394387839,0.500609571969048,247209,597,246612,7,2186,1.27985140430125,0.62420467776753,2.62417068540764
HL,RTEL1,missense,-0.50305061694114,0.284179921240586,0.0766965716230281,247209,597,246612,12,7525,0.604683186406232,0.346444367879717,1.05541261403719
kidney,ASXL1,pLoF,0.355363829502771,0.238830530117258,0.136768561246366,248569,1957,246612,18,771,1.42669963528436,0.893387011959971,2.27837636105207
kidney,ASXL1,missense,0.189466281053514,0.0996228468667834,0.0571926449101764,248569,1957,246612,109,12349,1.20860437043626,0.994225824162241,1.46920798951132
kidney,SAMHD1,pLoF,0.522180475949845,0.828691696839718,0.528611919640804,248569,1957,246612,1,129,1.6856992720234,0.33219756752741,8.55389176040774
kidney,SAMHD1,missense,0.87584202675157,0.351099215202897,0.0126109386644171,248569,1957,246612,8,452,2.40089606178919,1.20647177290016,4.7778174583052
kidney,RTEL1,pLoF,0.311430191722699,0.201865754565476,0.122889282278394,248569,1957,246612,25,2186,1.36537646851776,0.919229539435381,2.02806026221384
kidney,RTEL1,missense,-0.056827062266005,0.129709401843198,0.661306119720536,248569,1957,246612,62,7525,0.944757439450444,0.732675176164483,1.21822964450563
liver,ASXL1,pLoF,0.212964359022283,0.347024994018584,0.539422882322621,247710,1098,246612,8,771,1.23734055043072,0.626759658890075,2.4427411943702
liver,ASXL1,missense,0.0414327064228167,0.138354777843351,0.764583658377661,247710,1098,246612,55,12349,1.04230301919275,0.794742055680584,1.36697885314247
liver,SAMHD1,pLoF,1.07728441800537,0.82561099571693,0.191949741977525,247710,1098,246612,1,129,2.93669388007632,0.582233680563325,14.8122158390659
liver,SAMHD1,missense,-0.265145167730502,0.816627457136504,0.745420895570303,247710,1098,246612,1,452,0.767094584512801,0.154786957925271,3.80157417314807
liver,RTEL1,pLoF,0.027635363347875,0.311119979946943,0.929220654127611,247710,1098,246612,10,2186,1.02802076202138,0.558696664737491,1.8915929767427
liver,RTEL1,missense,-0.0665007075385811,0.178516516980622,0.709506830500761,247710,1098,246612,32,7525,0.935662253838953,0.65942525344516,1.32761650950603
lung,ASXL1,pLoF,0.321158031316645,0.198343347859995,0.105403714819248,249561,2949,246612,27,771,1.37872344515994,0.934645667217289,2.03379569916925
lung,ASXL1,missense,0.0345831373759278,0.0869327532168898,0.690766693862526,249561,2949,246612,144,12349,1.03518808761989,0.873015535292347,1.2274860336721
lung,SAMHD1,pLoF,0.698171584778684,0.649573216132205,0.282457185279561,249561,2949,246612,2,129,2.01007409540815,0.562722580692832,7.18008839107946
lung,SAMHD1,missense,0.306440337105496,0.374058481321155,0.412654580369854,249561,2949,246612,7,452,1.35858040821959,0.652658789134627,2.82803320253361
lung,RTEL1,pLoF,0.027762648810618,0.191250388544635,0.884581481914864,249561,2949,246612,28,2186,1.02815162244792,0.70674792049174,1.49571824421752
lung,RTEL1,missense,-0.371693650167461,0.121955662036161,0.0023054101321415,249561,2949,246612,70,7525,0.689565458432307,0.542958518328012,0.875758470328848
non_melanoma,ASXL1,pLoF,0.166403222449181,0.0968289067458555,0.0857002858965988,261784,15172,246612,153,771,1.1810492312874,0.976893199713509,1.42787081242211
non_melanoma,ASXL1,missense,0.0205179003972084,0.0467836513733707,0.660973225159738,261784,15172,246612,580,12349,1.02072983954923,0.931297623413579,1.11875020310613
non_melanoma,SAMHD1,pLoF,0.00990138505360992,0.402164724317791,0.980357888848039,261784,15172,246612,7,129,1.00995056595225,0.459173570822699,2.22138252391082
non_melanoma,SAMHD1,missense,0.222363183081703,0.190050683443781,0.241992745836714,261784,15172,246612,36,452,1.24902492021949,0.860596684004697,1.81276930335092
non_melanoma,RTEL1,pLoF,0.098766819699961,0.0808644773752515,0.221939535036988,261784,15172,246612,192,2186,1.10380888306128,0.942023890196872,1.29337914144658
non_melanoma,RTEL1,missense,-0.165516329820267,0.0485139598665747,0.000645530059884082,261784,15172,246612,529,7525,0.847456024287369,0.770587595662175,0.931992309691686
melanoma,ASXL1,pLoF,-0.0339695025250122,0.202099706285142,0.866518070330811,250194,3582,246612,26,771,0.9666009830773,0.650458585869538,1.43639807480902
melanoma,ASXL1,missense,-0.0365731921955508,0.0912702295089283,0.688631239066274,250194,3582,246612,129,12349,0.964087527631055,0.806170875265458,1.15293765807119
melanoma,SAMHD1,pLoF,-0.132827529409246,0.836395878179499,0.873819040948125,250194,3582,246612,1,129,0.875616097111978,0.169970000107772,4.5108169031916
melanoma,SAMHD1,missense,-0.70592791033888,0.542717601132204,0.193351618433922,250194,3582,246612,3,452,0.49365029845387,0.170395195171645,1.4301495820825
melanoma,RTEL1,pLoF,0.0894764798650637,0.152795735417951,0.558147440047771,250194,3582,246612,45,2186,1.09360161135239,0.810586143918596,1.47543169017291
melanoma,RTEL1,missense,-0.373851581082796,0.102254777346085,0.00025610209879322,250194,3582,246612,101,7525,0.688079028195108,0.563117335183925,0.84077104265896
myeloma,ASXL1,pLoF,0.667576075750598,0.268790769570008,0.0130051865521061,247877,1265,246612,14,771,1.94950613374116,1.15114355968871,3.30156402605609
myeloma,ASXL1,missense,-0.0475600792926046,0.129638333733119,0.713717924585355,247877,1265,246612,63,12349,0.953553182610984,0.73959943423866,1.22940017254547
myeloma,SAMHD1,missense,-0.402488444054443,0.81801692651232,0.622698502464485,247877,1265,246612,1,452,0.668654065811495,0.134556356702058,3.32275836448389
myeloma,RTEL1,pLoF,0.170249194579551,0.285794510806133,0.551372374625899,247877,1265,246612,12,2186,1.18560025966998,0.677126104679122,2.07590279863104
myeloma,RTEL1,missense,-0.718373950245144,0.2284214734997,0.00166115622786126,247877,1265,246612,19,7525,0.487544383191061,0.311588518806419,0.762863556371371
ovary,ASXL1,pLoF,0.383065880350355,0.371389373666076,0.302334499955689,152422,1237,151185,7,369,1.4667746585138,0.708330903765278,3.03732039280217
ovary,ASXL1,missense,-0.103973745777244,0.147030068595685,0.47946721161541,152422,1237,151185,48,7429,0.90124895870152,0.675604532736709,1.20225612203984
ovary,SAMHD1,pLoF,0.859444886322169,0.83289726659346,0.302131230482461,152422,1237,151185,1,78,2.36184923491984,0.46162437532326,12.0841361650045
ovary,SAMHD1,missense,0.0862200933282718,0.635992502859432,0.892162976070314,152422,1237,151185,2,280,1.09004621380473,0.313391426228677,3.79142710612322
ovary,RTEL1,pLoF,0.26886342662756,0.249952202793002,0.282079628941529,152422,1237,151185,16,1367,1.30847642580464,0.801689511611944,2.1356279857572
ovary,RTEL1,missense,-0.415161016779331,0.190102699162814,0.0289712471387102,152422,1237,151185,28,4586,0.660233963399386,0.45486461193242,0.9583266646622
pancreas,ASXL1,pLoF,-0.111243354021621,0.429091215306322,0.79543973626656,247544,932,246612,5,771,0.89472098848289,0.385873114640687,2.07458259427383
pancreas,ASXL1,missense,-0.196804337829778,0.170831680835958,0.249306060069494,247544,932,246612,35,12349,0.821351324974265,0.587647336022035,1.14799805543862
pancreas,SAMHD1,missense,0.968420824539057,0.475897679059068,0.0418574177326068,247544,932,246612,4,452,2.63378196971239,1.03632262894469,6.69367556997765
pancreas,RTEL1,pLoF,0.526531713761396,0.257622717503621,0.0409723870590491,247544,932,246612,15,2186,1.69305013150561,1.02183544475225,2.80516668560674
pancreas,RTEL1,missense,0.0210123927387258,0.178908806023791,0.90650544165132,247544,932,246612,32,7525,1.02123470745402,0.719180849569803,1.45015030410298
stomach,ASXL1,pLoF,0.542534682647071,0.428962909734599,0.20595774800126,247121,509,246612,5,771,1.72036191200367,0.742140150825807,3.98798677713314
stomach,ASXL1,missense,0.11310245839077,0.194704473325702,0.561312595461072,247121,509,246612,27,12349,1.11974665451168,0.764516786048233,1.64003275424616
stomach,RTEL1,pLoF,0.651026209358443,0.345620634495383,0.0596131557897504,247121,509,246612,8,2186,1.91750758391765,0.973967068421841,3.77511258192687
stomach,RTEL1,missense,-0.445343682529121,0.309921425932512,0.150730285367303,247121,509,246612,10,7525,0.640604073766413,0.348966791223639,1.17596742626187
testis,ASXL1,pLoF,0.0511967382430975,0.808398552698328,0.949502882111877,95731,304,95427,1,402,1.05252994580731,0.215836239306267,5.13268434615912
testis,ASXL1,missense,0.138835439292416,0.26244955190475,0.596806437549712,95731,304,95427,14,4920,1.14893501488702,0.686907094039472,1.92173247283073
testis,SAMHD1,missense,0.913544976106764,0.812630878246061,0.26093583955552,95731,304,95427,1,172,2.49314502593055,0.507031433661407,12.2591455039317
testis,RTEL1,pLoF,0.69414178271946,0.393499207912326,0.077728051551014,95731,304,95427,6,819,2.00199019388053,0.92579496148722,4.32921424626822
testis,RTEL1,missense,-0.712531372221733,0.424547736872564,0.0932826169176514,95731,304,95427,5,2939,0.490401236858232,0.213390886713826,1.12700864041398
thyroid,ASXL1,pLoF,-0.0306713843519951,0.31220931070577,0.921741869014262,249198,2586,246612,10,771,0.969794210271414,0.525928299131911,1.78826811911116
thyroid,ASXL1,missense,0.0199464795112262,0.0965225525002822,0.836282447713691,249198,2586,246612,114,12349,1.02014673981352,0.844311102804997,1.23260178303318
thyroid,SAMHD1,pLoF,0.615087517428135,0.644067790573534,0.339575516204712,249198,2586,246612,2,129,1.8498184838306,0.523477015176107,6.53673098134053
thyroid,SAMHD1,missense,0.482041351536234,0.369697576899436,0.192274431244641,249198,2586,246612,7,452,1.61937674763368,0.78462248762383,3.34222010220266
thyroid,RTEL1,pLoF,0.0924219357944996,0.190069067956486,0.626786748937036,249198,2586,246612,28,2186,1.09682751524962,0.755703185267216,1.59193532813187
thyroid,RTEL1,missense,-0.0707528132010661,0.112816294705687,0.530560484884405,249198,2586,246612,82,7525,0.931692165670153,0.746866602310777,1.16225613635076
