Cancer,Gene,Group,log_OR,log_OR_SE,P,N,N_cases,N_controls,N_carrier_cases,N_carrier_controls,OR,CI_lower,CI_upper
colorectal,IGLL5,pLoF,0.945715756869173,0.554092641419496,0.0878624416294172,249549,2937,246612,3,107,2.57465554663072,0.869109752336207,7.6271738592021
colorectal,IGLL5,missense,0.209813655338166,0.32987444653459,0.524749733759017,249549,2937,246612,9,624,1.23344819205384,0.646146914460985,2.35456427699579
colorectal,CHEK2,missense,0.232250888789937,0.110964080394866,0.0363466860808601,249549,2937,246612,86,5925,1.26143616932509,1.01487483299007,1.56789897389949
colorectal,CHEK2,pLoF,0.426378988595183,0.237600350974648,0.0727299362977881,249549,2937,246612,18,923,1.531701162418,0.961453437532495,2.4401685608133
NHL,IGLL5,pLoF,1.07423121095413,0.554796108663357,0.0528354906257713,249125,2513,246612,3,107,2.92774121973197,0.986936892013386,8.68512335396759
NHL,IGLL5,missense,0.166719079776448,0.369691616095568,0.652012629933977,249125,2513,246612,7,624,1.18142233326136,0.572430943717178,2.43830062795894
NHL,CHEK2,missense,0.210366389893657,0.117934219250649,0.0744626071332561,249125,2513,246612,76,5925,1.23413014994548,0.979433992950325,1.5550585725706
NHL,CHEK2,pLoF,0.485778887023072,0.243885000912805,0.0463890718544848,249125,2513,246612,17,923,1.62544055047481,1.00780335759217,2.62159970318042
leukemias,IGLL5,pLoF,2.58500879994457,0.312974020599883,1.4628441569555e-16,248505,1893,246612,12,107,13.2634058066903,7.18209405370491,24.4939612705572
leukemias,IGLL5,missense,-0.115338149292653,0.475030640640522,0.808159178074529,248505,1893,246612,4,624,0.891064780031637,0.351206434295843,2.26076849589833
leukemias,CHEK2,missense,0.489235608344387,0.121677427339496,5.80109351805796e-05,248505,1893,246612,72,5925,1.63106896781282,1.28499166639121,2.07035270916071
leukemias,CHEK2,pLoF,0.808267335754326,0.237837874450223,0.000677821718714007,248505,1893,246612,18,923,2.24401648918324,1.40792032344503,3.5766299554542
oral,IGLL5,pLoF,1.07531843316945,0.832643821930812,0.196547445350215,247661,1049,246612,1,107,2.93092605602544,0.573135296974707,14.9883065852563
oral,IGLL5,missense,0.664717821420722,0.431010494492028,0.123017426896065,247661,1049,246612,5,624,1.94394190517161,0.835230766922045,4.52439048025982
oral,CHEK2,missense,-0.123440488606069,0.217785523831608,0.570851151042693,247661,1049,246612,21,5925,0.88387424026704,0.576781208935692,1.35447143649012
oral,CHEK2,pLoF,0.155318443861466,0.429346480610205,0.717534760866005,247661,1049,246612,5,923,1.16802985382547,0.503493138248036,2.70965706538675
neck,IGLL5,missense,-0.21481624799093,0.817973401879851,0.792843414270859,247329,717,246612,1,624,0.806689657404547,0.162347747319459,4.00835991942013
neck,CHEK2,missense,0.0198347994341875,0.247799526505422,0.93620247267591,247329,717,246612,16,5925,1.02003281610865,0.627605592079451,1.65783568385863
neck,CHEK2,pLoF,-0.725353912601615,0.816154934599821,0.374139946195464,247329,717,246612,1,923,0.484153190715385,0.0977845988589445,2.39714960039893
anus,IGLL5,missense,0.399906031207352,0.632892696263961,0.527471700786105,247226,614,246612,2,624,1.49168451926189,0.431477091802865,5.15698920586542
anus,CHEK2,missense,0.407876982900473,0.218083673976795,0.0614452959677269,247226,614,246612,21,5925,1.50362217855314,0.980630875711396,2.30553586658869
anus,CHEK2,pLoF,0.348338702768373,0.535262942823579,0.51518816892075,247226,614,246612,3,923,1.41671201276762,0.496209338720576,4.04481087013617
bladder,IGLL5,missense,-1.15119605834422,0.822821738011948,0.161788039311946,248394,1782,246612,1,624,0.316258279721928,0.0630455983826463,1.58645967456158
bladder,CHEK2,missense,0.187213684283497,0.145518293880878,0.198258075153323,248394,1782,246612,51,5925,1.20588493617951,0.906651686431644,1.60387776371748
bladder,CHEK2,pLoF,0.803994800283014,0.242600820953436,0.000919502504741081,248394,1782,246612,18,923,2.23444930176253,1.38889147447795,3.59478315901083
brain,IGLL5,missense,-0.505360244707133,0.81572976620751,0.535574383437987,247562,950,246612,1,624,0.603288204893411,0.121947920371343,2.98452533717041
brain,CHEK2,missense,0.207713642790991,0.193159970832322,0.282220217462476,247562,950,246612,27,5925,1.23086065325714,0.842928666406801,1.79732640271299
brain,CHEK2,pLoF,0.66638965032284,0.367403944789656,0.0697117187894506,247562,950,246612,7,923,1.94719456161764,0.947707992237197,4.00077523018749
breast,IGLL5,pLoF,0.889139942355629,0.373047703336974,0.0171512899216191,161421,10236,151185,9,63,2.43303619979177,1.17114263026082,5.05460649842355
breast,IGLL5,missense,-0.261745971486581,0.221999494725592,0.238382809374974,161421,10236,151185,22,402,0.769706526279551,0.498148533825379,1.18930017127183
breast,CHEK2,missense,0.19697583785443,0.0635337057968464,0.00193301200409603,161421,10236,151185,300,3578,1.21771461775259,1.07514126547278,1.37919447230619
breast,CHEK2,pLoF,0.779042043272451,0.118746962207869,5.36197874659891e-11,161421,10236,151185,92,551,2.17938351009389,1.72685575818829,2.75049752218579
bone,IGLL5,missense,0.370120112139111,0.632736048937035,0.558580104107002,247264,652,246612,2,624,1.44790851560835,0.418943272733045,5.0041120266587
bone,CHEK2,missense,0.1209574313909,0.247490323884137,0.625028612008126,247264,652,246612,16,5925,1.1285768693972,0.694811502280636,1.83313855046679
bone,CHEK2,pLoF,0.504956139281006,0.472734086029703,0.285447869580863,247264,652,246612,4,923,1.65691284547836,0.656005803287933,4.18496324842146
prostate,IGLL5,pLoF,0.472655840730507,0.454870670045233,0.298758509561457,102418,6991,95427,6,44,1.60424917073454,0.657786880339719,3.91253683939897
prostate,IGLL5,missense,-0.197180122138308,0.297224775080625,0.50707180717504,102418,6991,95427,13,222,0.821042732020376,0.458529808363989,1.47015778583442
prostate,CHEK2,missense,0.231294657686214,0.0793769220615263,0.00356969513546708,102418,6991,95427,209,2347,1.26023052135553,1.07865915778547,1.47236590492277
prostate,CHEK2,pLoF,0.34134387237801,0.171240507561466,0.0462221082257752,102418,6991,95427,45,372,1.40683693005434,1.0057350275267,1.96790416321874
cervix,IGLL5,pLoF,0.580604230974014,0.831628281133664,0.485081176222032,153188,2003,151185,1,63,1.7871179365933,0.350162744399062,9.12087470862894
cervix,IGLL5,missense,-0.173014926321779,0.474494047113975,0.715387362916483,153188,2003,151185,4,402,0.841125059847624,0.331871919365399,2.13182051574754
cervix,CHEK2,missense,0.131526597070556,0.13849626509159,0.342276842076751,153188,2003,151185,54,3578,1.14056824309299,0.869426835249491,1.49626842007807
cervix,CHEK2,pLoF,0.175238563713765,0.34644987989949,0.612988517959936,153188,2003,151185,8,551,1.19153043863498,0.604235822081245,2.34965345368547
endometrium,IGLL5,pLoF,1.28611837018345,0.839102577624247,0.125342195538166,152371,1186,151185,1,63,3.61871275545315,0.69872889332988,18.7412916962301
endometrium,IGLL5,missense,0.0328161998812557,0.539301152140862,0.951479076263333,152371,1186,151185,3,402,1.03336058998635,0.359085543863784,2.97375967143363
endometrium,CHEK2,missense,0.0123358659026152,0.19084731239875,0.948462740141794,152371,1186,151185,28,3578,1.01241226652915,0.696478752071203,1.47165810065358
endometrium,CHEK2,pLoF,0.261527261295939,0.397362590790929,0.510436782327399,152371,1186,151185,6,551,1.29891235112326,0.596134417004933,2.83018937973278
esophagus,IGLL5,missense,0.343482967243345,0.815304890984792,0.673540492932729,247001,389,246612,1,624,1.40984950865476,0.285222627221241,6.9688567713538
esophagus,CHEK2,missense,0.0621049305671761,0.323158706217739,0.847600507684667,247001,389,246612,9,5925,1.06407399275786,0.564805138513315,2.00467981761637
esophagus,CHEK2,pLoF,-0.19756221988443,0.813762499002746,0.808178723561482,247001,389,246612,1,923,0.820729073370948,0.166542056494472,4.04460126201632
eye,CHEK2,missense,0.476167879796527,0.322123061399863,0.13934962671326,246889,277,246612,9,5925,1.60989326182662,0.856259564596005,3.02683487768989
eye,CHEK2,pLoF,0.169003053076145,0.811329714414235,0.834991773885499,246889,277,246612,1,923,1.18412375413844,0.241430419174788,5.80767357281434
HL,IGLL5,missense,-0.0308471720822987,0.814262139658075,0.969780497888765,247209,597,246612,1,624,0.969623747331415,0.196563127487614,4.78304463001719
HL,CHEK2,missense,0.435318692927052,0.213634424458337,0.0415818992785867,247209,597,246612,22,5925,1.54545550621634,1.01674150948723,2.34910515544799
HL,CHEK2,pLoF,0.79190549518783,0.427947193864614,0.0642451477739432,247209,597,246612,5,923,2.20759899025419,0.954225185323366,5.10727800599793
kidney,IGLL5,pLoF,0.467307110478606,0.835290153515065,0.575851350604968,248569,1957,246612,1,107,1.59569138171836,0.310419240312312,8.20255530272059
kidney,IGLL5,missense,0.111988399961293,0.431104458663527,0.795040486917132,248569,1957,246612,5,624,1.11849988592782,0.480484258106266,2.60371068086868
kidney,CHEK2,missense,0.223280713412718,0.135540541777894,0.0994891545531751,248569,1957,246612,57,5925,1.25017146438207,0.958511357889183,1.63057920752976
kidney,CHEK2,pLoF,0.422874715629099,0.287656947068007,0.141543862644653,248569,1957,246612,12,923,1.5263430570574,0.868556587027634,2.68229285532229
liver,IGLL5,missense,0.542458364511382,0.475113794624333,0.253560410555077,247710,1098,246612,4,624,1.72023062219979,0.677905377825586,4.36520123655847
liver,CHEK2,missense,0.12695527980162,0.1869123686407,0.496996237168832,247710,1098,246612,29,5925,1.13536624284255,0.787110817059369,1.63770650516822
liver,CHEK2,pLoF,-0.543855152853349,0.633421692456061,0.390561858729708,247710,1098,246612,2,923,0.580505993688126,0.167740211408263,2.00898285437143
lung,IGLL5,pLoF,1.24718563394617,0.496112455014087,0.0119398462458098,249561,2949,246612,4,107,3.48053366467112,1.31629778781174,9.20317173141187
lung,IGLL5,missense,0.173145713744608,0.33109881045928,0.601014112183283,249561,2949,246612,9,624,1.18903935183795,0.621390214234779,2.27524435987503
lung,CHEK2,missense,0.0217006346654923,0.121088809391856,0.857770807460315,249561,2949,246612,72,5925,1.02193780591992,0.806034228163273,1.29567311495968
lung,CHEK2,pLoF,0.812958179417209,0.19810567599676,4.06666390303308e-05,249561,2949,246612,27,923,2.25456754704526,1.52909826034182,3.3242303362855
non_melanoma,IGLL5,pLoF,0.466354665547972,0.323876555293853,0.149891487671312,261784,15172,246612,13,107,1.59417229708805,0.844988958761411,3.00759588211445
non_melanoma,IGLL5,missense,-0.080499113148933,0.163671993011221,0.62283815815387,261784,15172,246612,45,624,0.922655721841605,0.669455673284712,1.27162053444128
non_melanoma,CHEK2,missense,-0.0451207534934577,0.0645297551411668,0.484412054297011,261784,15172,246612,300,5925,0.955882048767045,0.842318770156673,1.08475617964103
non_melanoma,CHEK2,pLoF,0.156969334286507,0.115596093728567,0.174491577721238,261784,15172,246612,95,923,1.16995973570075,0.932771659364871,1.4674607332013
melanoma,IGLL5,pLoF,0.59758745937764,0.562487387059558,0.288053440514282,250194,3582,246612,3,107,1.81772816319069,0.603585508384606,5.47417992870563
melanoma,IGLL5,missense,-0.00876921642922842,0.302052024357112,0.976838957983747,250194,3582,246612,11,624,0.991269121004235,0.548383562322355,1.79183793565078
melanoma,CHEK2,missense,0.252738784561625,0.107205823260335,0.0183979670907993,250194,3582,246612,95,5925,1.28754690577447,1.04354047241402,1.58860827959501
melanoma,CHEK2,pLoF,0.146850778260483,0.217269256364543,0.499108556760794,250194,3582,246612,22,923,1.15818112433248,0.756548119917132,1.77303132668809
myeloma,IGLL5,pLoF,1.80360412679269,0.5574649687968,0.00121486191534174,247877,1265,246612,3,107,6.07149049981574,2.03601174087205,18.1054932785229
myeloma,IGLL5,missense,0.18942402938448,0.537773757909654,0.724660232066942,247877,1265,246612,3,624,1.2085533059632,0.421222884743302,3.46752549839423
myeloma,CHEK2,missense,0.149390317036352,0.162829786167914,0.358900031305976,247877,1265,246612,39,5925,1.16112610807466,0.843875590845182,1.5976452613143
myeloma,CHEK2,pLoF,0.81419438771975,0.3133079153221,0.0093576550974362,247877,1265,246612,10,923,2.25735638560308,1.22155197092419,4.17146218328131
ovary,IGLL5,missense,-0.0262968004167629,0.538466162204333,0.961049597496329,152422,1237,151185,3,402,0.974045949458668,0.339028506478231,2.79848299929834
ovary,CHEK2,missense,0.326344237604624,0.163106373451546,0.0454132827563558,152422,1237,151185,39,3578,1.38589236303573,1.00668385793392,1.90794520721006
ovary,CHEK2,pLoF,0.793482972204641,0.300941207263575,0.00837239748161688,152422,1237,151185,11,551,2.21108417510043,1.22586785289215,3.98810786810776
pancreas,IGLL5,pLoF,1.22782586313277,0.831873908835306,0.139950355011888,247544,932,246612,1,107,3.41379939502237,0.668568086566891,17.4313230673315
pancreas,IGLL5,missense,0.363593236074614,0.537708738607597,0.498920063154232,247544,932,246612,3,624,1.43848896971801,0.501427360885589,4.12672039345
pancreas,CHEK2,missense,0.198456237961149,0.197250365851017,0.314361019280842,247544,932,246612,26,5925,1.2195186576236,0.828492599101649,1.79509842080025
pancreas,CHEK2,pLoF,0.138141701774825,0.473787442772745,0.770616227421816,247544,932,246612,4,923,1.14813823197298,0.453633977809257,2.90591416031963
stomach,IGLL5,missense,0.71796927069094,0.633193735595374,0.256842530319265,247121,509,246612,2,624,2.05026544614256,0.59269956369945,7.09227517126661
stomach,CHEK2,missense,0.571127050344987,0.218947657883053,0.0090937481727636,247121,509,246612,21,5925,1.77026110091008,1.15257379752095,2.71897935918365
stomach,CHEK2,pLoF,0.23866963010163,0.63175644296845,0.705588527469844,247121,509,246612,2,923,1.26955904320158,0.368044933959025,4.37930267599976
testis,CHEK2,missense,0.146736610146272,0.360852114880827,0.684273012364106,95731,304,95427,7,2347,1.15804890452539,0.570911804762165,2.34900952141133
testis,CHEK2,pLoF,0.571658526057349,0.631695192784745,0.365486876796023,95731,304,95427,2,372,1.77120220175372,0.513532838659003,6.10897104007865
thyroid,IGLL5,pLoF,1.11726129546572,0.549464671773907,0.0420158327930243,249198,2586,246612,3,107,3.05647195667721,1.04115463993715,8.9727505056484
thyroid,IGLL5,missense,-0.222947884142931,0.429418877427652,0.603631666334575,249198,2586,246612,5,624,0.800156549052279,0.344868043342,1.85650864251382
thyroid,CHEK2,missense,0.572751123397413,0.101229330885762,1.53186187217303e-08,249198,2586,246612,105,5925,1.7731384701563,1.45403911541022,2.16226647620908
thyroid,CHEK2,pLoF,0.872663324782803,0.202932323709522,1.70591880906259e-05,249198,2586,246612,25,923,2.39327644541137,1.60789083378198,3.56228919514914
