Cancer,Gene,Group,log_OR,log_OR_SE,P,N,N_cases,N_controls,N_carrier_cases,N_carrier_controls,OR,CI_lower,CI_upper
colorectal,MLH1,pLoF,3.77487504992661,0.367318688683176,8.96186595250731e-25,249549,2937,246612,12,29,43.5920611441792,21.2199897310773,89.5508347968174
colorectal,MLH1,missense,0.706340925036624,0.389490043477348,0.0697544493279155,249549,2937,246612,7,463,2.02656233194508,0.94455106060118,4.34804962544292
colorectal,MITF,missense,0.0427433707500252,0.287082055439897,0.881641192064379,249549,2937,246612,12,920,1.04367002422483,0.594563879086677,1.83201024781167
NHL,MLH1,pLoF,1.63941918579936,0.875118698811739,0.0610176142014679,249125,2513,246612,1,29,5.15217618594261,0.927018324511852,28.6347300253985
NHL,MLH1,missense,0.26518990077422,0.551556496155917,0.630656668975399,249125,2513,246612,3,463,1.30367852183366,0.442267238715471,3.84287493965568
NHL,MITF,missense,0.180581609506177,0.298746967149379,0.545535591049772,249125,2513,246612,11,920,1.19791387865155,0.667009035556247,2.15139163665048
leukemias,MLH1,missense,1.50785852285934,0.428889153209548,0.00043854649075183,248505,1893,246612,6,463,4.5170472760135,1.94887294626524,10.469495270506
leukemias,MITF,missense,0.217656737213023,0.328089076010627,0.507069635939379,248505,1893,246612,9,920,1.24316026371352,0.653517455498493,2.36481432634027
oral,MLH1,pLoF,2.32625235853874,0.88658341439238,0.00869448102840298,247661,1049,246612,1,29,10.2394955790406,1.80143000557816,58.2022445437966
oral,MITF,missense,0.393221498686809,0.39552702384309,0.320139621724311,247661,1049,246612,6,920,1.48174655790023,0.682496948525475,3.21697095729538
neck,MLH1,missense,0.440780810245044,0.833110726040169,0.596751131092358,247329,717,246612,1,463,1.55392006165366,0.303587256819253,7.95378430342793
neck,MITF,missense,-0.148353341845687,0.63332627831812,0.814794992795324,247329,717,246612,2,920,0.862126435771235,0.249162486824602,2.98304131062407
anus,MLH1,pLoF,3.35906078843113,0.685552221952724,9.59399515104006e-07,247226,614,246612,2,29,28.7621644318731,7.50375171309478,110.246465293148
anus,MLH1,missense,1.42812231388594,0.840869726067945,0.0894347210912419,247226,614,246612,1,463,4.1708602682979,0.802557267705501,21.675805674779
anus,MITF,missense,1.06714416870325,0.368396904939252,0.0037708129611528,247226,614,246612,7,920,2.90706554523569,1.4121304238997,5.98459599854691
bladder,MLH1,pLoF,1.85641557644477,0.949972906915562,0.0506802421766804,248394,1782,246612,1,29,6.40075259515304,0.994517974048893,41.1954684112569
bladder,MLH1,missense,0.140298012569192,0.839695884365224,0.867305580549122,248394,1782,246612,1,463,1.15061664599114,0.221911710036415,5.96597027626278
bladder,MITF,missense,0.499781599560747,0.303412347836785,0.0995164154659399,248394,1782,246612,11,920,1.64836122856851,0.909467810053964,2.9875655958474
brain,MLH1,missense,-0.0213039485950835,0.829365107350235,0.979506947653643,247562,950,246612,1,463,0.978921377568766,0.192659732706961,4.97398729872994
brain,MITF,missense,0.494936450879876,0.394222013165432,0.209305854422044,247562,950,246612,6,920,1.64039399014989,0.757505487926614,3.55230752226649
breast,MLH1,pLoF,1.2995016404874,0.579209766112422,0.0248596381411112,161421,10236,151185,4,17,3.66746849430199,1.17853407802124,11.4127587886816
breast,MLH1,missense,0.000485020851307043,0.278201413650695,0.998608955835975,161421,10236,151185,15,293,1.00048513849294,0.579969518952874,1.7259019304195
breast,MITF,missense,-0.244488013396288,0.174570930323604,0.161361199893781,161421,10236,151185,36,595,0.783105375082903,0.556192540075412,1.1025930488039
bone,MLH1,pLoF,2.81742275934801,0.859776795511835,0.00104944810505737,247264,652,246612,1,29,16.7336683600824,3.10275741674199,90.2473571650498
bone,MITF,missense,0.238184566893029,0.535081312211501,0.6562206477342,247264,652,246612,3,920,1.26894337614937,0.444611001145152,3.62163169090741
prostate,MLH1,missense,0.474961102104733,0.440907476061264,0.281375153787681,102418,6991,95427,6,170,1.60795165033442,0.67759760411532,3.8156990138548
prostate,MITF,missense,0.738109112804817,0.166916141628769,9.77753621454295e-06,102418,6991,95427,51,325,2.09197608146841,1.50826425066988,2.90158964086845
prostate,MITF,pLoF,1125899906842660,67108864,0,102418,6991,95427,1,0,Inf,Inf,Inf
cervix,MLH1,pLoF,2.27843517200452,0.696489063289841,0.00107048573322701,153188,2003,151185,2,17,9.76139355009342,2.49263826150488,38.2264869762045
cervix,MLH1,missense,-0.543640456940342,0.824207056228501,0.509515630024778,153188,2003,151185,1,293,0.580630639332423,0.115433969752517,2.92056090641574
cervix,MITF,missense,-0.0978357336511582,0.368145846303005,0.790429713244404,153188,2003,151185,7,595,0.906797847891942,0.440701134218327,1.86585028513698
endometrium,MLH1,pLoF,3.97672360155327,0.532428343607967,8.07877404937655e-14,152371,1186,151185,5,17,53.3419780331952,18.7873397180253,151.451278531144
endometrium,MLH1,missense,0.596606955742226,0.65908762254094,0.365358766959725,152371,1186,151185,2,293,1.81594674760344,0.498984100185416,6.6087528418363
endometrium,MITF,missense,-0.141869292089361,0.475297705666739,0.765332932336335,152371,1186,151185,4,595,0.867734668859361,0.341832072998591,2.20272910302237
esophagus,MITF,missense,0.454025130730214,0.63213067997311,0.472605816077213,247001,389,246612,2,920,1.57463756876971,0.456152436144348,5.43564667535037
eye,MLH1,missense,1.68982179531701,0.857231268484757,0.0486946662439841,246889,277,246612,1,463,5.41851501433804,1.00972637940043,29.0774862968726
HL,MITF,missense,-0.493874481271577,0.813401338779991,0.54373680175946,247209,597,246612,1,920,0.610257377013567,0.123920901225914,3.00525627650617
kidney,MLH1,missense,1.01879970533497,0.562204523798243,0.0699628087486861,248569,1957,246612,3,463,2.76986810996593,0.920258276276073,8.33697402608809
kidney,MITF,missense,0.32705753500559,0.313076809751909,0.296182035926003,248569,1957,246612,10,920,1.38688126910644,0.750840722819761,2.56171461688287
liver,MLH1,pLoF,3.01187239251802,0.698283584445784,1.60871278390804e-05,247710,1098,246612,2,29,20.3254214856055,5.17201166338593,79.8766100030522
liver,MITF,missense,0.11428488249878,0.473776391806646,0.80938372534008,247710,1098,246612,4,920,1.12107145303334,0.442949379851171,2.83734724547661
lung,MLH1,missense,-0.254906714967608,0.552438707465927,0.644496725385931,249561,2949,246612,3,463,0.774988789443499,0.262457350282126,2.28840085110013
lung,MITF,missense,-0.378230898590382,0.347201730542422,0.275991073491645,249561,2949,246612,8,920,0.685072300174018,0.3468947754419,1.35292915803607
non_melanoma,MLH1,pLoF,0.519514055749451,0.589118384911237,0.377857921415646,261784,15172,246612,4,29,1.68121047659962,0.529863018603211,5.33433843727998
non_melanoma,MLH1,missense,-0.228184106600033,0.50465876199333,0.65115714665958,261784,15172,246612,4,463,0.795977701596355,0.296029222582694,2.14026336964632
non_melanoma,MITF,missense,0.25064573722852,0.113927512644882,0.0278036509924056,261784,15172,246612,98,920,1.28485482746355,1.02772941314087,1.60630989689317
melanoma,MLH1,missense,0.0791882084575722,0.835393817129132,0.924480461839084,250194,3582,246612,1,463,1.0824080212449,0.210524427802904,5.56518374937552
melanoma,MITF,missense,0.834103677084602,0.161814924377024,2.54068411287147e-07,250194,3582,246612,42,920,2.30274911620102,1.67690905926482,3.16215924940458
myeloma,MLH1,pLoF,2.44986077230977,0.881725236536908,0.00546129530480735,247877,1265,246612,1,29,11.5867334127872,2.0579514873903,65.2359358330864
myeloma,MLH1,missense,0.188901532928736,0.832755903769832,0.820548921067094,247877,1265,246612,1,463,1.20792200608459,0.236154259302809,6.17848510160692
myeloma,MITF,missense,0.0440439561713093,0.47395171645069,0.925959803977408,247877,1265,246612,4,920,1.04502828932139,0.412761911187092,2.64579675566768
ovary,MLH1,pLoF,2.3663121982484,0.894391946738243,0.0081516846278197,152422,1237,151185,1,17,10.6580150744068,1.84658168961585,61.5154401048529
ovary,MLH1,missense,0.312000537884627,0.654833370261003,0.633748187720054,152422,1237,151185,2,293,1.36615542786329,0.378534037159755,4.93054909165971
ovary,MITF,missense,-0.45277898220787,0.53716745060729,0.399283813264147,152422,1237,151185,3,595,0.635858654172924,0.221882384053444,1.82220968019352
ovary,MITF,pLoF,5.49231907065015,1.45714764242355,0.000163754433659683,152422,1237,151185,1,1,242.819670380407,13.9623185856792,4222.89406747421
pancreas,MITF,missense,0.684512905375656,0.368891577092323,0.0635114850258456,247544,932,246612,7,920,1.98280578623796,0.962230453911122,4.08583907312276
stomach,MLH1,pLoF,4.46279589065098,0.545559588740028,2.83332872413576e-16,247121,509,246612,4,29,86.7296570663221,29.7705230716034,252.667156594797
stomach,MLH1,missense,0.28560080959648,0.842676256899377,0.734669127874156,247121,509,246612,1,463,1.33056120196062,0.255121773530761,6.93940422121372
stomach,MITF,missense,0.887994997344476,0.473463354520587,0.0607197673311696,247121,509,246612,4,920,2.43025210125687,0.960812377778821,6.14701206214375
testis,MITF,missense,0.16399339594865,0.812084167604301,0.839962553347514,95731,304,95427,1,325,1.17820653413058,0.239869003123995,5.78720309414219
thyroid,MLH1,pLoF,1.51413699462139,0.864553048829022,0.0798852392583418,249198,2586,246612,1,29,4.54549664561139,0.834973038555405,24.7451579885875
thyroid,MLH1,missense,-0.228404491024867,0.546785657703769,0.676150261611583,249198,2586,246612,3,463,0.795802299837026,0.272508714005769,2.32396715362464
thyroid,MITF,missense,-0.682211104075884,0.428409821951144,0.111288931632273,249198,2586,246612,5,920,0.505498046977088,0.21830132938619,1.17053009350027
