Cancer,Gene,Group,log_OR,log_OR_SE,P,N,N_cases,N_controls,N_carrier_cases,N_carrier_controls,OR,CI_lower,CI_upper
colorectal,MICA,pLoF,0.027176541173044,0.0390905387244314,0.486917170429662,249549,2937,246612,1136,94116,1.02754919149136,0.951762731508252,1.10937033567319
colorectal,HLA.DPB1,pLoF,0.0506732357505452,0.0379814973435695,0.182152795013175,249549,2937,246612,1206,97786,1.0519790879575,0.976511129764799,1.13327945557204
colorectal,HLA.DPB1,missense,-0.00207820275514704,0.0473962877254285,0.965026064364447,249549,2937,246612,626,56710,0.997923955213041,0.909397288076249,1.0950683858918
NHL,MICA,pLoF,-0.100706804217008,0.0423954359928244,0.0175291736348028,249125,2513,246612,928,94116,0.904198101095755,0.832101931476037,0.982540930502232
NHL,HLA.DPB1,pLoF,-0.109532136600589,0.0417291038678339,0.00866902080960931,249125,2513,246612,929,97786,0.896253361362996,0.825868534533549,0.972636750482516
NHL,HLA.DPB1,missense,0.0577983176905084,0.0497810090698911,0.245620936619091,249125,2513,246612,572,56710,1.05950129149345,0.961009804951683,1.16808692366332
leukemias,MICA,pLoF,0.0262281535821487,0.0479305449650066,0.584233319198118,248505,1893,246612,753,94116,1.02657513855198,0.934527721211582,1.12768887553889
leukemias,MICA,missense,1.74903426602532,0.862217847991011,0.0425062444010305,248505,1893,246612,1,36,5.74904794331946,1.06090077727102,31.1542351204653
leukemias,HLA.DPB1,pLoF,-0.0645825287824856,0.0476901001993893,0.175668599098824,248505,1893,246612,718,97786,0.937458743740695,0.853804181125086,1.02930966566341
leukemias,HLA.DPB1,missense,0.102597794656098,0.0562899441972561,0.0683539195150884,248505,1893,246612,448,56710,1.10804565755544,0.992301319164148,1.23729068531488
oral,MICA,pLoF,-0.097063351578402,0.0649485204306449,0.135053878073083,247661,1049,246612,382,94116,0.90749851284896,0.799027342842485,1.03069507971196
oral,HLA.DPB1,pLoF,0.114762603432072,0.0624564308997788,0.066138686628774,247661,1049,246612,447,97786,1.12160714027849,0.992379433149934,1.26766288689664
oral,HLA.DPB1,missense,-0.139202016816989,0.0801032574171257,0.0822491940369626,247661,1049,246612,205,56710,0.870052245518041,0.743637557757306,1.01795680171662
neck,MICA,pLoF,-0.127028378443571,0.0792304984552895,0.108873672011146,247329,717,246612,252,94116,0.880708679100968,0.754034390031382,1.02866366268983
neck,HLA.DPB1,pLoF,0.160451878811617,0.0749069786981479,0.0321922676613081,247329,717,246612,316,97786,1.17404127551987,1.01373030498034,1.35970376919043
neck,HLA.DPB1,missense,-0.105018921745896,0.0972666440445672,0.280275216095222,247329,717,246612,138,56710,0.900307487035597,0.744041816340062,1.08939249570603
anus,MICA,pLoF,-0.0995696658180407,0.0863240580272266,0.248729620693384,247226,614,246612,205,94116,0.905226884300369,0.764325364620197,1.07210325600975
anus,HLA.DPB1,pLoF,0.131166566935021,0.0806725638201182,0.10396817298488,247226,614,246612,269,97786,1.14015767806617,0.973411124944966,1.3354681259953
anus,HLA.DPB1,missense,-0.288840085645635,0.113946421603503,0.0112487034004904,247226,614,246612,94,56710,0.749131992783513,0.599193336108203,0.936590427151305
bladder,MICA,pLoF,-0.0957533864445581,0.0503264101969047,0.0570866399635324,248394,1782,246612,663,94116,0.908688083237565,0.823335638774082,1.00288872937338
bladder,HLA.DPB1,pLoF,-0.0547422050558531,0.0495821113598491,0.269562044394244,248394,1782,246612,679,97786,0.946729178492905,0.859055836298616,1.04335026844319
bladder,HLA.DPB1,missense,0.0148448638709249,0.059743321543847,0.80376507133079,248394,1782,246612,382,56710,1.01495559611914,0.902803917588978,1.14103942398105
brain,MICA,pLoF,0.0192938335161138,0.0674420828817411,0.774816821608594,247562,950,246612,372,94116,1.01948116234621,0.893248715600459,1.16355257189496
brain,MICA,missense,2.37089730317222,0.844747961998495,0.00500622788723173,247562,950,246612,1,36,10.706995395949,2.04463997293571,56.0684286360074
brain,HLA.DPB1,pLoF,-0.0164061133310806,0.0661463310914036,0.804113080450719,247562,950,246612,376,97786,0.983727733975239,0.864114029775508,1.11989878794523
brain,HLA.DPB1,missense,0.0618277044000872,0.0801469077452572,0.44045228099381,247562,950,246612,218,56710,1.06377904448893,0.909138939042786,1.24472267867577
breast,MICA,pLoF,-0.00727660200708333,0.0220457495874353,0.741348392193538,161421,10236,151185,3984,58143,0.992749808363225,0.950767736371624,1.03658563948156
breast,MICA,missense,-0.233403740535403,0.88606219442402,0.792229279982149,161421,10236,151185,1,21,0.791833813570789,0.139449363445619,4.49626138708456
breast,HLA.DPB1,pLoF,0.00160714886952666,0.021588753623289,0.940657257644848,161421,10236,151185,4051,59708,1.00160844102541,0.960111331719446,1.0448991028329
breast,HLA.DPB1,missense,0.00869911919530009,0.0264567541868802,0.742302908301536,161421,10236,151185,2213,35685,1.00873706648888,0.957762766167147,1.06242433434817
bone,MICA,pLoF,0.0807392005770769,0.0801237719767006,0.313607641723197,247264,652,246612,269,94116,1.08408813013696,0.926537733827977,1.26842872232342
bone,HLA.DPB1,pLoF,0.042966907708164,0.0790593513018253,0.586801695589904,247264,652,246612,267,97786,1.04390334912474,0.894056261480012,1.21886535474838
bone,HLA.DPB1,missense,0.0229323843550868,0.0959718479684205,0.811145070729213,247264,652,246612,149,56710,1.0231973530593,0.847750438103426,1.23495403393685
prostate,MICA,pLoF,-0.0236295813074304,0.0278761973080124,0.396626471756474,102418,6991,95427,2598,35973,0.976647411220448,0.9247184889524,1.03149247823972
prostate,MICA,missense,0.832016107262058,1.02870728108376,0.418631505792171,102418,6991,95427,1,15,2.2979469807776,0.305986861478527,17.2574740658774
prostate,HLA.DPB1,pLoF,-0.0187039701182497,0.0271530748694949,0.490927529552405,102418,6991,95427,2737,38078,0.981469863649814,0.930602531830665,1.03511763648207
prostate,HLA.DPB1,missense,-0.0416134045216853,0.0341621824683466,0.223180968221081,102418,6991,95427,1372,21025,0.959240546957633,0.897116048028101,1.02566711291152
cervix,MICA,pLoF,-0.114417179397929,0.0483049401422502,0.0178534561181879,153188,2003,151185,692,58143,0.891885801878465,0.811319680128592,0.980452345820471
cervix,HLA.DPB1,pLoF,0.148386285466516,0.0453661138209089,0.0010722032076877,153188,2003,151185,877,59708,1.15996088586342,1.06127427914725,1.26782424032192
cervix,HLA.DPB1,missense,-0.0187695434535481,0.057445849169002,0.743868669018011,153188,2003,151185,447,35685,0.981405507507406,0.876900858757986,1.09836449644952
endometrium,MICA,pLoF,-0.0376989861951876,0.0609400478213843,0.536163978761846,152371,1186,151185,459,58143,0.963002774396234,0.854585019532521,1.08517505256778
endometrium,HLA.DPB1,pLoF,-0.0194226927798389,0.0599458769602856,0.745935146568769,152371,1186,151185,460,59708,0.980764712451569,0.872044824070538,1.1030389661626
endometrium,HLA.DPB1,missense,-0.0518611396126612,0.0733955792340953,0.479816585270557,152371,1186,151185,266,35685,0.949460700170053,0.822247502318304,1.09635556037047
esophagus,MICA,pLoF,0.0522584433521317,0.103000869640974,0.611902776788377,247001,389,246612,158,94116,1.05364801565339,0.861035493763783,1.28934770857993
esophagus,HLA.DPB1,pLoF,-0.0478253323696014,0.102666575551331,0.641336063635981,247001,389,246612,149,97786,0.953300283237868,0.779542458664559,1.16578823888341
esophagus,HLA.DPB1,missense,-0.0609780546181848,0.126897943202352,0.630851775496069,247001,389,246612,80,56710,0.940843886727779,0.733671826648158,1.20651657463404
eye,MICA,pLoF,-0.0189431626769031,0.121718933917953,0.876324385108038,246889,277,246612,107,94116,0.981235131436105,0.772975527981938,1.24560525955865
eye,HLA.DPB1,pLoF,-0.0479326782407271,0.120301917392379,0.690308436802712,246889,277,246612,107,97786,0.953197955880827,0.752977370868782,1.20665823203567
eye,HLA.DPB1,missense,-0.024724513619546,0.147059226478018,0.866483972974964,246889,277,246612,58,56710,0.975578633638691,0.731282599358243,1.30148546026881
HL,MICA,pLoF,0.0334431833966286,0.0843736198879363,0.691831992000645,247209,597,246612,234,94116,1.03400869319549,0.876405782884732,1.21995312957042
HL,HLA.DPB1,pLoF,0.0438126726194312,0.082478345395112,0.595278718235286,247209,597,246612,245,97786,1.04478661941504,0.888836554249091,1.22809877124248
HL,HLA.DPB1,missense,0.0378197425569247,0.101267090352918,0.708802179384034,247209,597,246612,129,56710,1.03854401071702,0.85158146820094,1.26655370328196
kidney,MICA,pLoF,-0.0338996597937391,0.0477584296954054,0.477818735903956,248569,1957,246612,740,94116,0.966668495487608,0.880289488013445,1.06152350208913
kidney,HLA.DPB1,pLoF,-0.0323243821066983,0.046767400878135,0.489456596318831,248569,1957,246612,761,97786,0.96819246682319,0.883391498500831,1.06113388503737
kidney,HLA.DPB1,missense,-0.10103266076148,0.0585170052366987,0.0842481271724477,248569,1957,246612,409,56710,0.903903510226802,0.805957809395654,1.01375226627929
liver,MICA,pLoF,-0.0202342667438616,0.0635648349179962,0.750238533920373,247710,1098,246612,417,94116,0.979969072250218,0.865178829712104,1.10998946066042
liver,HLA.DPB1,pLoF,-0.0584173206518259,0.0620594834550656,0.346545125756695,247710,1098,246612,424,97786,0.943256224985608,0.835227051506085,1.06525800902848
liver,HLA.DPB1,missense,0.0311248207232253,0.0754559020886431,0.679980156618074,247710,1098,246612,260,56710,1.03161426268883,0.889793353947299,1.19603948744042
lung,MICA,pLoF,-0.00624524250823356,0.039309531938412,0.873768547725475,249561,2949,246612,1116,94116,0.99377421848481,0.920083815433528,1.07336655721931
lung,HLA.DPB1,pLoF,-0.0776264303975723,0.0385133422637017,0.0438447063698863,249561,2949,246612,1123,97786,0.925310029686018,0.85803430810375,0.997860625095205
lung,HLA.DPB1,missense,-0.0501571776684234,0.0486323616162029,0.302374872956998,249561,2949,246612,566,56710,0.951079924226995,0.864611630529836,1.0461957604171
non_melanoma,MICA,pLoF,-0.00869665096647741,0.018461966509983,0.637599550979172,261784,15172,246612,6003,94116,0.99134105551666,0.956110831221947,1.02786942293801
non_melanoma,MICA,missense,-0.296442246081634,0.917157145224915,0.746529697479477,261784,15172,246612,1,36,0.743458563669414,0.123188790418384,4.48685821182397
non_melanoma,HLA.DPB1,pLoF,-0.00795127654707496,0.0184604726406545,0.666672692791598,261784,15172,246612,5910,97786,0.992080251234912,0.956826558960293,1.02863284434726
non_melanoma,HLA.DPB1,missense,0.0124507751941033,0.0219988932676966,0.571412271772668,261784,15172,246612,3256,56710,1.01252860878966,0.969799176640695,1.0571407032627
melanoma,MICA,pLoF,-0.00177544419165226,0.0349909416691742,0.959532615496384,250194,3582,246612,1426,94116,0.998226130977041,0.932061546324167,1.06908756454462
melanoma,HLA.DPB1,pLoF,0.0379110107403475,0.0348984546054101,0.277335901364546,250194,3582,246612,1430,97786,1.03863880106789,0.969971389381826,1.11216740090782
melanoma,HLA.DPB1,missense,0.0596273021241763,0.0412356314494637,0.148173263222413,250194,3582,246612,799,56710,1.06144087605735,0.979029944205865,1.15078883953776
myeloma,MICA,pLoF,0.0249014565946809,0.059659059069001,0.676388731437104,247877,1265,246612,474,94116,1.02521408745908,0.912079473661188,1.15238195297332
myeloma,HLA.DPB1,pLoF,-0.0266468850878773,0.0578066182998711,0.644823005093093,247877,1265,246612,495,97786,0.97370501058502,0.869405377606666,1.09051711900879
myeloma,HLA.DPB1,missense,0.0467495421342343,0.0725249761588605,0.519186948783998,247877,1265,246612,263,56710,1.04785953154935,0.909012167671737,1.20791518189594
ovary,MICA,pLoF,-0.0724798938198354,0.0595780168444593,0.223773831445188,152422,1237,151185,475,58143,0.930084446917741,0.827579038817166,1.04528635673842
ovary,HLA.DPB1,pLoF,0.0155261310642378,0.0584201218475323,0.790418784347114,152422,1237,151185,490,59708,1.01564728765607,0.905765167343313,1.13885966265266
ovary,HLA.DPB1,missense,-0.00802862302008093,0.0706877604599502,0.9095717833121,152422,1237,151185,287,35685,0.992003520294012,0.863661743278701,1.13941712937278
pancreas,MICA,pLoF,-0.0626479399333619,0.0687130282238925,0.361909252732696,247544,932,246612,349,94116,0.939274096387159,0.820925431142885,1.07468448981496
pancreas,HLA.DPB1,pLoF,0.052262558848101,0.0664294161180602,0.431435140886807,247544,932,246612,385,97786,1.05365235194647,0.925022974706774,1.20016832999662
pancreas,HLA.DPB1,missense,0.0187386624027189,0.0817336163143258,0.81866290876537,247544,932,246612,203,56710,1.01891533293483,0.868093126137789,1.19594133904582
stomach,MICA,pLoF,-0.00305113063938662,0.0923128354109333,0.973633061494772,247121,509,246612,196,94116,0.99695351932928,0.831951641243487,1.19468040019426
stomach,HLA.DPB1,pLoF,0.0499628885496849,0.0893027631245771,0.575835868208412,247121,509,246612,208,97786,1.05123208290489,0.882437502927924,1.25231406015936
stomach,HLA.DPB1,missense,-0.100140371891368,0.114159329272894,0.380378928241286,247121,509,246612,108,56710,0.904710413210372,0.723330856174258,1.13157198367063
testis,MICA,pLoF,0.0537624183752903,0.11516033522547,0.640608344148097,95731,304,95427,126,35973,1.05523386819451,0.842023217312863,1.3224320822629
testis,HLA.DPB1,pLoF,-0.101819321662074,0.116211579851763,0.380945940348165,95731,304,95427,113,38078,0.903192724287806,0.719218672879969,1.13422680467943
testis,HLA.DPB1,missense,0.0224627052535112,0.136604256886877,0.869387650684042,95731,304,95427,75,21025,1.02271689148599,0.782487979474598,1.33669764592815
thyroid,MICA,pLoF,-0.0675484162129802,0.0413035955018706,0.101962604608281,249198,2586,246612,1000,94116,0.934682465735172,0.861998304007865,1.01349539516589
thyroid,HLA.DPB1,pLoF,-0.0179732260623819,0.0406598294552465,0.658461060903927,249198,2586,246612,1010,97786,0.982187329028543,0.906952657155123,1.06366296155988
thyroid,HLA.DPB1,missense,0.031683412859492,0.0485460406388,0.513984076253407,249198,2586,246612,609,56710,1.03219067527841,0.938506892905196,1.13522617488045
