Cancer,Gene,Group,log_OR,log_OR_SE,P,N,N_cases,N_controls,N_carrier_cases,N_carrier_controls,OR,CI_lower,CI_upper
colorectal,POT1,missense,0.208347106189018,0.312935967876185,0.505550509697611,249549,2937,246612,10,751,1.23164060543855,0.666979398523098,2.27434098313083
colorectal,POT1,pLoF,0.262031655352055,0.833806198068362,0.75332383116183,249549,2937,246612,1,104,1.2995676800507,0.253548928447455,6.66094771282911
colorectal,CPVL,missense,0.036068520454674,0.0689246891170538,0.600763172716527,249549,2937,246612,238,17129,1.0367268810545,0.905723336332137,1.18667873818242
colorectal,CPVL,pLoF,0.133968671516552,0.398202067453699,0.736543695034948,249549,2937,246612,6,475,1.14335699944272,0.523879784820969,2.49535344949683
NHL,POT1,missense,0.305786955948518,0.313133181306819,0.328797127070343,249125,2513,246612,10,751,1.35769302731117,0.734957355061307,2.50807797719856
NHL,POT1,pLoF,1.57995164661625,0.492875079943341,0.00134789481451154,249125,2513,246612,4,104,4.85472106337147,1.8476863615688,12.755582924329
NHL,CPVL,missense,-0.114211960028633,0.0774131336277762,0.140116758008892,249125,2513,246612,185,17129,0.892068852902376,0.766485947731631,1.03822756395423
NHL,CPVL,pLoF,-0.608289788246405,0.635372058467142,0.338377643944308,249125,2513,246612,2,475,0.544280909173188,0.156672735004489,1.89083128013246
leukemias,POT1,missense,0.595079808781687,0.313239290129265,0.0574644820071024,248505,1893,246612,10,751,1.81317564652519,0.981318779666278,3.35019159245078
leukemias,POT1,pLoF,2.01692178567004,0.450050171260098,7.41032981720569e-06,248505,1893,246612,5,104,7.51515603154501,3.11067473348528,18.1560513449082
leukemias,CPVL,missense,0.0497144187723714,0.0824595430010291,0.546578763536874,248505,1893,246612,165,17129,1.05097091595074,0.894130701730194,1.2353226033252
leukemias,CPVL,pLoF,-0.346091614335309,0.635279435776143,0.585900414410197,248505,1893,246612,2,475,0.707447671789324,0.20367770160588,2.45722631576321
oral,POT1,missense,0.700372806631359,0.394768556087541,0.0760407831289939,247661,1049,246612,6,751,2.01450358779162,0.929266842135795,4.367125266084
oral,POT1,pLoF,2.26411727205325,0.496504289773733,5.11253143442448e-06,247661,1049,246612,4,104,9.62262668949012,3.63637296223572,25.4635444072707
oral,CPVL,missense,-0.0354172854017281,0.113627931212069,0.755272145054097,247661,1049,246612,85,17129,0.965202567270879,0.772499483966355,1.20597620477747
oral,CPVL,pLoF,0.15874495632789,0.635071453908543,0.802615243146306,247661,1049,246612,2,475,1.1720389874313,0.337573430344946,4.06926394253037
neck,POT1,missense,0.712811901403519,0.472051669495933,0.131035921307124,247329,717,246612,4,751,2.03971869023435,0.808647346634346,5.14495268253515
neck,POT1,pLoF,1.50556896617111,0.83691628266535,0.0720268890648476,247329,717,246612,1,104,4.50671707051982,0.873928420057604,23.2404603026596
neck,CPVL,missense,0.10869601635736,0.132401245741544,0.411669527535633,247329,717,246612,63,17129,1.11482341074671,0.86001482044774,1.44512769733653
neck,CPVL,pLoF,-0.0111840396212507,0.817103184905881,0.989079354869979,247329,717,246612,1,475,0.988878269245265,0.199353259691203,4.90526331448125
anus,POT1,missense,0.667230560265089,0.531411730795658,0.209267863601727,247226,614,246612,3,751,1.9488326655364,0.687758656159162,5.52221149708479
anus,CPVL,missense,-0.143032397504333,0.162996545530223,0.380205363480866,247226,614,246612,40,17129,0.866725988681653,0.62970756094109,1.1929568359216
anus,CPVL,pLoF,0.12140458234841,0.812933621830222,0.881284310058956,247226,614,246612,1,475,1.12908162646787,0.22948536094213,5.55514876414621
bladder,POT1,missense,0.618744700076884,0.320160891253439,0.0532848140876015,248394,1782,246612,10,751,1.85659599363454,0.991279133260632,3.47727352258662
bladder,POT1,pLoF,1.28677578560614,0.673333196701199,0.0559977015219753,248394,1782,246612,2,104,3.6210925351951,0.967603358277234,13.5513286888457
bladder,CPVL,missense,-0.0134364252756191,0.0852882241764766,0.874818191667526,248394,1782,246612,157,17129,0.986653440544416,0.834770641278289,1.1661706384971
bladder,CPVL,pLoF,0.0157845032097937,0.545461592991118,0.976914132801693,248394,1782,246612,3,475,1.01590973652819,0.348784657652536,2.95905387501575
brain,POT1,missense,0.170235406344374,0.53296441359063,0.749413860460907,247562,950,246612,3,751,1.18558391244748,0.417130711554795,3.36970924105553
brain,CPVL,missense,-0.0173207584270661,0.122041177041992,0.887138830396801,247562,950,246612,73,17129,0.982828383583484,0.77374178662783,1.24841600682728
brain,CPVL,pLoF,0.273676321193253,0.631336549631574,0.664660853870593,247562,950,246612,2,475,1.31478916396968,0.381470949899869,4.53159158291304
breast,POT1,missense,0.332042172588943,0.167808465993434,0.0478500877377713,161421,10236,151185,42,447,1.39381162791792,1.00314856930531,1.93661329294877
breast,POT1,pLoF,-0.174789303659985,0.670974779528613,0.794477685877474,161421,10236,151185,2,52,0.839633909925378,0.225400669733298,3.12769746217144
breast,CPVL,missense,0.0520715473402027,0.0385349422700671,0.176605336157539,161421,10236,151185,859,10470,1.05345111144217,0.976817391619907,1.13609693451338
breast,CPVL,pLoF,0.27685151059775,0.219111612346106,0.206403009175663,161421,10236,151185,24,281,1.31897050335155,0.858473593332015,2.02648421829631
bone,POT1,missense,0.792715142685634,0.469764981463984,0.0915126745313927,247264,652,246612,4,751,2.20938709102078,0.879846954318681,5.54800047213806
bone,CPVL,missense,0.0984528354183221,0.137330314064437,0.473432507157393,247264,652,246612,58,17129,1.1034623588265,0.843066335621632,1.4442863223202
bone,CPVL,pLoF,0.143766916591891,0.812081778656007,0.859480879453423,247264,652,246612,1,475,1.15461495556969,0.235067135637222,5.67129765720471
prostate,POT1,missense,0.448992022309306,0.197005777186555,0.0226622813199058,102418,6991,95427,34,304,1.56673215824504,1.06488604589541,2.3050819992811
prostate,POT1,pLoF,0.128996646585188,0.59838178313936,0.829318401546541,102418,6991,95427,3,52,1.13768630902521,0.352110547471329,3.67591981279348
prostate,CPVL,missense,-0.0495515983401023,0.0487554555982404,0.309472597695034,102418,6991,95427,574,6659,0.951656052996918,0.864926682842261,1.04708209513157
prostate,CPVL,pLoF,-0.394814230495535,0.351134179384712,0.260844628969193,102418,6991,95427,9,194,0.6738052000811,0.338569944980978,1.3409738648888
cervix,POT1,missense,0.567450547942508,0.328221258239786,0.0838330945716064,153188,2003,151185,9,447,1.76376468108861,0.926954037001775,3.3560087405387
cervix,CPVL,missense,-0.0632933011901501,0.0917927237215915,0.490493471552403,153188,2003,151185,130,10470,0.938668120833451,0.78411174748828,1.12368912197961
cervix,CPVL,pLoF,0.17339129346654,0.475340238963456,0.715280847959836,153188,2003,151185,4,281,1.1893313916494,0.468481598617995,3.01934838707744
endometrium,POT1,missense,0.0313473317355109,0.536694123149527,0.953423492097627,152371,1186,151185,3,447,1.03184383376281,0.360395290646519,2.95426084887054
endometrium,CPVL,missense,0.0889310098424154,0.105253614805538,0.398154840592157,152371,1186,151185,101,10470,1.09300524712087,0.889262968680453,1.34342766123105
endometrium,CPVL,pLoF,0.777760204062252,0.479463284902655,0.104771753997393,152371,1186,151185,4,281,2.17659168057713,0.85046623657714,5.57053430248418
esophagus,POT1,pLoF,2.15108814579245,0.834323590387473,0.00993044168112581,247001,389,246612,1,104,8.59420505906467,1.67505157723298,44.0943798991927
esophagus,CPVL,missense,0.0524588445895444,0.175626658038622,0.765172598767352,247001,389,246612,35,17129,1.05385918917854,0.746945481416223,1.48688119581403
esophagus,CPVL,pLoF,0.64755630265111,0.812791891242114,0.425621708333897,247001,389,246612,1,475,1.91086554178844,0.388490512194033,9.39896086051836
eye,POT1,missense,0.54653383154108,0.798226113916716,0.493542412260117,246889,277,246612,1,751,1.7272556708376,0.361331086712596,8.25672703553915
eye,CPVL,missense,-0.046084099070475,0.213324631019337,0.828965901239878,246889,277,246612,23,17129,0.954961647426676,0.628642407877058,1.45066851461001
HL,POT1,missense,-0.174950683376566,0.807439371766072,0.82846283159136,247209,597,246612,1,751,0.83949842097584,0.172475036014897,4.08614263898492
HL,POT1,pLoF,1.82723531028961,0.822774350733105,0.0263630255572664,247209,597,246612,1,104,6.21667569866864,1.23939978174605,31.1820748330064
HL,CPVL,missense,-0.101414348286618,0.155837654882236,0.515195475688851,247209,597,246612,44,17129,0.903558567367401,0.665743685389275,1.22632493943319
HL,CPVL,pLoF,0.792430154111075,0.629621696208487,0.208181569784883,247209,597,246612,2,475,2.20875753065608,0.643003125246042,7.58722568784276
kidney,POT1,missense,0.479997920983231,0.329001815681757,0.144578265871742,248569,1957,246612,9,751,1.6160710423506,0.848034645399124,3.07969211882256
kidney,POT1,pLoF,1.49263337337034,0.557116807972212,0.00737959176880566,248569,1957,246612,3,104,4.44879544656266,1.49287605032218,13.2574843846449
kidney,CPVL,missense,-0.240886580320298,0.0933768110949504,0.00988787565086927,248569,1957,246612,125,17129,0.785930761348641,0.654488171049959,0.943771314679581
kidney,CPVL,pLoF,-0.0602289838285255,0.539095315518321,0.911043574737058,248569,1957,246612,3,475,0.941548909423944,0.327313652293816,2.70845515493998
liver,POT1,missense,-0.260103804960153,0.631195526355951,0.680279913603316,247710,1098,246612,2,751,0.770971550978504,0.223750362029259,2.65651919857217
liver,CPVL,missense,-0.0951583034527757,0.121036855763038,0.431754548814749,247710,1098,246612,74,17129,0.909228988986678,0.71721029598256,1.15265684143754
liver,CPVL,pLoF,0.528521750161675,0.537454457781052,0.325420646257898,247710,1098,246612,3,475,1.69642271756629,0.591632490218721,4.86425286686183
lung,POT1,missense,0.422804053426777,0.278487168936349,0.128959613453904,249561,2949,246612,13,751,1.52623520610603,0.88424529850084,2.63432998547665
lung,POT1,pLoF,0.302998616701987,0.83849680824598,0.717830871833667,249561,2949,246612,1,104,1.35391259157639,0.261734426500484,7.00358500843114
lung,CPVL,missense,-0.0134409668858674,0.0696225707340115,0.846916102593049,249561,2949,246612,234,17129,0.986648959559214,0.860795172250305,1.13090337955126
lung,CPVL,pLoF,0.257373840549271,0.373529581817144,0.490803120627107,249561,2949,246612,7,475,1.29352860982693,0.62205256076678,2.68983100459916
non_melanoma,POT1,missense,0.4005981480347,0.137461767716117,0.00356542662719343,261784,15172,246612,70,751,1.49271729657882,1.14017075247161,1.95427300926233
non_melanoma,POT1,pLoF,0.415808548138586,0.373928377802259,0.266137929542605,261784,15172,246612,9,104,1.51559567747901,0.728274235100385,3.15407321429741
non_melanoma,CPVL,missense,-0.169493980044693,0.0322010314267157,1.41246551615285e-07,261784,15172,246612,1271,17129,0.844091835860195,0.792465076344273,0.899081926300944
non_melanoma,CPVL,pLoF,0.0564903728236275,0.187201748713325,0.762833505993568,261784,15172,246612,36,475,1.05811642807772,0.733140210358603,1.52714359347485
melanoma,POT1,missense,0.567054319063874,0.235639528693752,0.016108488393964,250194,3582,246612,19,751,1.76306596502173,1.11094313917817,2.7979844218827
melanoma,POT1,pLoF,1.24675588922663,0.463370766495384,0.00713188094316006,250194,3582,246612,5,104,3.4790382450549,1.40293416476884,8.62742344901764
melanoma,CPVL,missense,-0.17255983595815,0.0615642212125802,0.00506415943136992,250194,3582,246612,299,17129,0.841507934871726,0.745855429144799,0.949427431619059
melanoma,CPVL,pLoF,0.351760454230277,0.30696946616722,0.251830946318284,250194,3582,246612,11,475,1.42156795233963,0.778887512187452,2.59454081815186
myeloma,POT1,missense,0.883875114702044,0.32973908121666,0.00735059316231498,247877,1265,246612,9,751,2.42026034437391,1.26819977037753,4.61887809111109
myeloma,POT1,pLoF,2.07820683400961,0.556145565270129,0.00018637427214909,247877,1265,246612,3,104,7.99012843414132,2.68634505985999,23.7654325752929
myeloma,CPVL,missense,-0.143397273782948,0.115844832366541,0.215775692836891,247877,1265,246612,81,17129,0.866409798616959,0.690424279168944,1.08725310187969
myeloma,CPVL,pLoF,0.482600146637413,0.538373153638867,0.370036736004435,247877,1265,246612,3,475,1.6202819003011,0.564061582430588,4.6543028602137
ovary,POT1,missense,0.704841286658375,0.369926363650226,0.0567338562432762,152422,1237,151185,7,447,2.02352549894097,0.980001611405118,4.17821297150056
ovary,CPVL,missense,-0.132220809683024,0.111935604159043,0.237514503125126,152422,1237,151185,87,10470,0.876147511864298,0.703554059020589,1.09108099470653
ovary,CPVL,pLoF,0.721707309257661,0.47733965573724,0.130549985026019,152422,1237,151185,4,281,2.05794375942714,0.807460433069896,5.24500315249319
pancreas,POT1,missense,0.493807817777352,0.472072435877361,0.295541423698313,247544,932,246612,4,751,1.63854363157581,0.649574884025247,4.13320357452935
pancreas,CPVL,missense,0.0620052627251688,0.11747918754533,0.597639648854348,247544,932,246612,80,17129,1.06396794408418,0.845142764523703,1.33945155014927
pancreas,CPVL,pLoF,0.323167800041887,0.634367410987533,0.610448632265082,247544,932,246612,2,475,1.3814971467365,0.398451506414309,4.7898786570444
stomach,POT1,missense,0.517776846287261,0.627246484295782,0.409101468471376,247121,509,246612,2,751,1.67829239724314,0.490856393108508,5.73826766889329
stomach,CPVL,missense,0.142421342170096,0.160969795767745,0.376280371221767,247121,509,246612,42,17129,1.15306238000569,0.841075658817536,1.58077675681829
testis,POT1,missense,0.973920221251406,0.623346823337971,0.118192599482486,95731,304,95427,2,304,2.64830608194038,0.780502682316321,8.98590775220418
testis,CPVL,missense,-0.12998085786857,0.212908573496239,0.541530102978511,95731,304,95427,23,6659,0.878112239699586,0.578524724708599,1.3328403654634
testis,CPVL,pLoF,0.885501543400353,0.809582030080431,0.274053151864323,95731,304,95427,1,194,2.42419992811296,0.495964921228374,11.8491148061596
thyroid,POT1,missense,0.576097546886956,0.26698756402834,0.0309457793745858,249198,2586,246612,14,751,1.77908208175713,1.05423094294494,3.00231469661443
thyroid,POT1,pLoF,2.15804517772526,0.384811935170296,2.04617062548114e-08,249198,2586,246612,7,104,8.65420368227085,4.07075157256412,18.3983817334878
thyroid,CPVL,missense,-0.133266000801682,0.077113695793032,0.0839567624162158,249198,2586,246612,185,17129,0.87523224866207,0.752461032862912,1.01803476278834
thyroid,CPVL,pLoF,-0.646609689633489,0.634391671818361,0.308079822148728,249198,2586,246612,2,475,0.523818677613659,0.151072636940327,1.8162521855318
